0.000000e+00 1.489390e+02 -3.217040e-01 2.704150e+00 8.055310e+00 8.582350e+00 5.003070e+00 3.570010e+00 -4.455830e-02 -1.033630e+00 4.830090e-01 -4.994080e-01 6.321760e-01 2.609670e-01 4.278520e-01 2.641820e-01 -4.890850e-01 -1.233180e-01 2.436280e-01 -2.330180e-01 2.408420e-01 1.150920e-01 -2.209920e-01 -2.084100e-01 -4.649980e-03 -3.067850e-02 -1.100690e-01 -3.597110e-01 4.915620e-01 -2.044110e-01 -5.271730e-01 -1.893010e-01 2.573300e-01 6.794510e-01 5.274940e-01 -4.625630e-02 
1.489390e+02 0.000000e+00 7.060600e+01 5.849700e+01 -1.293780e+00 9.574920e-01 6.310500e-01 4.948110e-01 5.621550e+00 5.414240e+00 3.302490e+00 4.259860e+00 -2.385320e-01 -2.108670e-01 -1.212620e+00 -1.241960e+00 1.316730e+00 3.606080e-01 -4.867590e-01 6.881230e-01 -1.569580e-01 -7.678390e-01 2.806190e-01 8.183810e-01 -1.769900e-01 -2.492740e-01 3.467260e-01 1.431470e-01 1.648820e-01 5.514970e-02 6.321810e-01 5.413230e-01 5.357560e+00 -3.915860e-01 -1.296910e-01 2.233500e+00 
-3.217040e-01 7.060600e+01 0.000000e+00 -1.377980e+00 5.647000e+01 1.499680e+02 4.937570e+00 6.252390e+00 2.606180e+00 4.969490e-01 -1.586280e+00 -5.642900e-01 4.863740e+00 5.805890e+00 3.110720e+00 1.127920e+00 -1.473970e+00 5.083170e-02 5.800850e-01 -7.771540e-01 9.132940e-01 8.718390e-01 -2.842180e-01 -6.177970e-01 1.432810e-01 1.261960e-01 -2.782010e-01 9.056250e-01 2.215690e-01 -1.464800e-01 -7.075160e-01 -3.830990e-01 5.871390e-02 7.538550e-01 8.197980e-01 1.462720e-01 
2.704150e+00 5.849700e+01 -1.377980e+00 0.000000e+00 5.619910e+00 7.645670e+00 5.737470e+01 6.734730e+01 -1.217400e+00 6.539010e-01 -9.866560e-01 -2.060510e-01 8.173460e-01 3.456580e-01 3.258180e+00 7.144740e+00 -3.113560e-01 -4.090110e-01 5.647220e-01 -1.579230e+00 4.518740e+00 1.520330e+00 -6.055360e-01 -8.954250e-01 7.749420e-01 4.077630e-01 -7.209490e-01 -4.129440e-01 3.142920e+00 -4.879190e-01 -2.393120e+00 -7.291250e-01 1.713290e+00 2.548410e+00 3.209880e+00 6.467450e+00 
8.055310e+00 -1.293780e+00 5.647000e+01 5.619910e+00 0.000000e+00 2.676820e+00 4.615830e-01 -1.484210e+00 6.314610e+01 5.801750e+01 3.855920e+00 8.214900e-01 -1.466420e+00 1.783530e+00 -5.658230e-01 -2.670060e-01 8.604720e+00 6.784210e+00 -1.205200e+00 5.734930e-01 -5.283780e-01 -4.721650e-01 1.966550e-01 5.053650e-01 -2.140820e-01 -2.192930e-01 1.653680e-01 5.898370e+00 -4.585250e-01 1.142360e-01 8.414250e-01 4.027870e-01 3.884700e-01 -5.643730e-01 -4.626160e-01 1.033340e-01 
8.582350e+00 9.574920e-01 1.499680e+02 7.645670e+00 2.676820e+00 0.000000e+00 -1.064340e+00 -1.336720e-01 4.846770e+00 4.783170e+00 4.851440e-01 8.511040e-01 -1.649130e-01 -9.479180e-02 5.410540e-01 -5.181630e-01 2.383110e-01 3.420850e-02 -3.737570e-01 2.765930e-01 -2.498810e-01 -3.062330e-01 1.462390e-01 2.392660e-01 -1.804230e-01 -2.386060e-01 6.611930e-02 5.393240e-01 -1.950070e-01 -3.375580e-02 2.977420e-01 6.478890e-02 2.269430e-01 -5.186470e-01 -5.206490e-01 -1.188280e-01 
5.003070e+00 6.310500e-01 4.937570e+00 5.737470e+01 4.615830e-01 -1.064340e+00 0.000000e+00 -9.536730e-01 2.804640e+00 6.038230e+01 6.854820e+01 5.984520e+00 -1.210490e+00 5.476890e-01 1.516130e+00 1.171350e-01 4.198190e+00 5.240090e-01 2.902960e-01 4.620540e+00 -1.554940e+00 -7.955830e-01 7.640600e-01 1.453340e+00 -5.445100e-01 -6.360500e-01 3.829170e-01 3.149800e+00 1.466280e+00 3.629540e+00 3.491510e+00 4.313840e+00 2.869130e+00 -1.906260e+00 -1.816000e+00 6.207120e-01 
3.570010e+00 4.948110e-01 6.252390e+00 6.734730e+01 -1.484210e+00 -1.336720e-01 -9.536730e-01 0.000000e+00 8.044340e-01 3.088190e+00 7.478980e+00 6.385060e+01 -7.204600e-01 -2.696270e-01 -3.212680e-01 -5.523510e-01 9.334500e-01 1.700500e-01 -1.473400e-01 3.600280e+00 5.622990e-01 -2.016830e+00 5.587300e-01 5.531940e+00 6.017100e-02 4.219230e-01 3.766090e+00 1.186380e-01 -1.011860e+00 3.120180e-01 2.136750e+00 8.705160e-01 4.718550e+01 -5.662160e+00 -5.622870e+00 -3.193520e+00 
-4.455830e-02 5.621550e+00 2.606180e+00 -1.217400e+00 6.314610e+01 4.846770e+00 2.804640e+00 8.044340e-01 0.000000e+00 -1.569900e-01 -3.018570e-01 -4.932400e-01 6.368070e+01 1.488060e+02 8.336220e+00 6.631210e-01 -1.717500e+00 1.462390e+00 6.980160e+00 -2.825420e-01 3.160260e-01 2.956320e-01 -1.276090e-01 -3.028380e-01 8.441700e-02 6.850610e-02 -1.260030e-01 -1.124580e+00 2.209160e-01 -8.640570e-02 -5.179100e-01 -2.883090e-01 -1.400830e-01 2.732000e-01 2.736510e-01 -9.031110e-03 
-1.033630e+00 5.414240e+00 4.969490e-01 6.539010e-01 5.801750e+01 4.783170e+00 6.038230e+01 3.088190e+00 -1.569900e-01 0.000000e+00 1.396700e+00 -1.112240e+00 7.752830e+00 5.631650e+00 6.262800e+01 4.524780e+00 -1.265980e+00 -1.282060e+00 7.219020e+00 -1.695590e-01 5.678460e-01 6.602630e-01 -1.706480e-01 -5.630650e-01 2.329320e-01 2.632120e-01 -2.412810e-01 1.027540e+00 1.664110e+00 -1.644960e-01 -1.442070e+00 -8.533270e-01 1.252630e-01 5.253530e-01 4.797390e-01 2.576750e-01 
4.830090e-01 3.302490e+00 -1.586280e+00 -9.866560e-01 3.855920e+00 4.851440e-01 6.854820e+01 7.478980e+00 -3.018570e-01 1.396700e+00 0.000000e+00 -7.636550e-01 7.716910e-01 4.845940e-01 2.034490e+00 6.253110e+01 -7.397230e-01 -3.748960e-01 1.728740e-01 7.648630e-01 3.354560e+00 5.623780e+00 2.002650e-02 -1.913860e+00 5.249210e-01 3.816630e+00 3.896530e-01 -3.353730e-01 4.496730e+01 -3.827170e+00 -5.686030e+00 -5.611510e+00 -1.000010e+00 1.764470e+00 1.686440e+00 -6.129620e-02 
-4.994080e-01 4.259860e+00 -5.642900e-01 -2.060510e-01 8.214900e-01 8.511040e-01 5.984520e+00 6.385060e+01 -4.932400e-01 -1.112240e+00 -7.636550e-01 0.000000e+00 4.834290e-01 1.447810e-01 5.022760e-01 5.628740e+01 -4.381100e-01 -2.097320e-01 1.377150e-01 2.124590e-02 6.295630e+01 7.216270e+00 -1.187470e+00 -1.095370e+00 7.069420e+00 5.424660e+00 1.835620e+00 -2.252240e-01 2.661360e+00 2.739700e-01 -2.016310e+00 -8.633780e-01 1.884140e+00 3.635380e+00 3.656780e+00 3.717220e+00 
6.321760e-01 -2.385320e-01 4.863740e+00 8.173460e-01 -1.466420e+00 -1.649130e-01 -1.210490e+00 -7.204600e-01 6.368070e+01 7.752830e+00 7.716910e-01 4.834290e-01 0.000000e+00 7.986760e-01 -2.019640e+00 -4.848600e-01 5.965460e+01 1.506870e+02 1.348820e+00 3.223790e-01 -3.163000e-01 -2.926170e-01 7.224930e-02 3.163900e-01 -1.282970e-01 -1.190370e-01 6.431150e-02 7.383490e+00 -8.477540e-02 3.256760e-02 4.553300e-01 3.109690e-01 1.342440e-01 -2.865280e-01 -2.786840e-01 -2.630020e-02 
2.609670e-01 -2.108670e-01 5.805890e+00 3.456580e-01 1.783530e+00 -9.479180e-02 5.476890e-01 -2.696270e-01 1.488060e+02 5.631650e+00 4.845940e-01 1.447810e-01 7.986760e-01 0.000000e+00 -1.105810e+00 -1.278750e-01 7.398900e+00 6.975900e+00 8.047930e-01 9.758230e-02 -1.229370e-01 -1.214070e-01 -1.009890e-02 6.704690e-02 -1.192870e-01 -1.305900e-01 -1.759280e-02 4.211800e-01 -1.794220e-01 -8.777910e-02 6.846320e-02 -4.121700e-02 6.025120e-02 -1.973050e-01 -1.972970e-01 -9.362540e-02 
4.278520e-01 -1.212620e+00 3.110720e+00 3.258180e+00 -5.658230e-01 5.410540e-01 1.516130e+00 -3.212680e-01 8.336220e+00 6.262800e+01 2.034490e+00 5.022760e-01 -2.019640e+00 -1.105810e+00 0.000000e+00 -7.429690e-01 6.385730e+01 6.472150e+00 2.048050e+00 4.033630e-01 -3.320320e-01 -3.181650e-01 9.887460e-02 3.221450e-01 -1.578970e-01 -1.174890e-01 8.276290e-02 1.494810e+02 1.981590e+00 1.365870e+00 1.534670e+00 1.989170e+00 2.759150e-01 -3.384550e-01 -3.205270e-01 4.443910e-03 
2.641820e-01 -1.241960e+00 1.127920e+00 7.144740e+00 -2.670060e-01 -5.181630e-01 1.171350e-01 -5.523510e-01 6.631210e-01 4.524780e+00 6.253110e+01 5.628740e+01 -4.848600e-01 -1.278750e-01 -7.429690e-01 0.000000e+00 4.458090e-01 1.949790e-01 -1.992390e-01 6.207070e+01 6.429150e-02 -1.216860e+00 7.131720e+00 7.290570e+00 -1.176510e+00 1.739220e+00 5.465140e+00 3.123360e-01 1.673380e+00 5.644590e+00 2.236640e+00 4.442450e+00 2.782140e+00 -1.436550e+00 -1.392430e+00 -1.059610e-01 
-4.890850e-01 1.316730e+00 -1.473970e+00 -3.113560e-01 8.604720e+00 2.383110e-01 4.198190e+00 9.334500e-01 -1.717500e+00 -1.265980e+00 -7.397230e-01 -4.381100e-01 5.965460e+01 7.398900e+00 6.385730e+01 4.458090e-01 0.000000e+00 1.581050e+00 1.504380e+02 -3.110420e-01 2.820470e-01 2.905960e-01 -1.170910e-01 -2.826540e-01 8.168760e-02 8.755500e-02 -1.185900e-01 3.591340e-01 3.472120e-01 2.016320e-01 -4.203190e-01 -9.515160e-02 -1.073110e-01 2.260410e-01 2.121620e-01 -7.592710e-03 
-1.233180e-01 3.606080e-01 5.083170e-02 -4.090110e-01 6.784210e+00 3.420850e-02 5.240090e-01 1.700500e-01 1.462390e+00 -1.282060e+00 -3.748960e-01 -2.097320e-01 1.506870e+02 6.975900e+00 6.472150e+00 1.949790e-01 1.581050e+00 0.000000e+00 6.346750e+00 -1.338740e-01 9.745280e-02 8.071470e-02 -1.184660e-01 -1.344060e-01 1.446080e-02 -5.966100e-03 -1.311020e-01 5.667800e-01 1.373390e-01 -9.305520e-02 -3.748760e-01 -2.342670e-01 -9.073310e-02 7.864550e-02 6.983650e-02 -8.274490e-02 
2.436280e-01 -4.867590e-01 5.800850e-01 5.647220e-01 -1.205200e+00 -3.737570e-01 2.902960e-01 -1.473400e-01 6.980160e+00 7.219020e+00 1.728740e-01 1.377150e-01 1.348820e+00 8.047930e-01 2.048050e+00 -1.992390e-01 1.504380e+02 6.346750e+00 0.000000e+00 9.273610e-02 -1.141370e-01 -1.074020e-01 8.502290e-03 6.382950e-02 -1.189300e-01 -7.103030e-02 -1.484770e-02 7.712010e+00 -5.344140e-02 4.113300e-02 3.160650e-01 9.899020e-02 7.539380e-02 -2.421740e-01 -2.459500e-01 -8.868400e-02 
-2.330180e-01 6.881230e-01 -7.771540e-01 -1.579230e+00 5.734930e-01 2.765930e-01 4.620540e+00 3.600280e+00 -2.825420e-01 -1.695590e-01 7.648630e-01 2.124590e-02 3.223790e-01 9.758230e-02 4.033630e-01 6.207070e+01 -3.110420e-01 -1.338740e-01 9.273610e-02 0.000000e+00 8.225250e+00 6.673970e+01 1.574040e+00 -2.022620e+00 6.364460e+00 1.481750e+02 -1.274170e+00 -1.282780e-01 5.030430e+00 1.868060e+00 -1.061480e+00 4.733860e-01 1.704600e-01 5.666310e-01 8.169600e-01 -2.270340e-02 
2.408420e-01 -1.569580e-01 9.132940e-01 4.518740e+00 -5.283780e-01 -2.498810e-01 -1.554940e+00 5.622990e-01 3.160260e-01 5.678460e-01 3.354560e+00 6.295630e+01 -3.163000e-01 -1.229370e-01 -3.320320e-01 6.429150e-02 2.820470e-01 9.745280e-02 -1.141370e-01 8.225250e+00 0.000000e+00 -2.053350e+00 6.395880e+00 6.704010e+01 1.561670e+00 -1.261720e+00 1.473860e+02 9.388600e-02 9.987450e-02 3.840900e-01 6.688340e-01 2.755530e-01 4.745320e+00 -8.866780e-01 -4.804760e-01 4.770430e-01 
1.150920e-01 -7.678390e-01 8.718390e-01 1.520330e+00 -4.721650e-01 -3.062330e-01 -7.955830e-01 -2.016830e+00 2.956320e-01 6.602630e-01 5.623780e+00 7.216270e+00 -2.926170e-01 -1.214070e-01 -3.181650e-01 -1.216860e+00 2.905960e-01 8.071470e-02 -1.074020e-01 6.673970e+01 -2.053350e+00 0.000000e+00 1.505770e+02 5.730200e+01 1.683170e+00 -9.775610e-02 7.848510e+00 9.176120e-02 7.079740e-02 3.091430e-01 9.035370e-01 4.191100e-01 4.525570e-01 -6.535680e-01 -6.624700e-01 -2.203900e-03 
-2.209920e-01 2.806190e-01 -2.842180e-01 -6.055360e-01 1.966550e-01 1.462390e-01 7.640600e-01 5.587300e-01 -1.276090e-01 -1.706480e-01 2.002650e-02 -1.187470e+00 7.224930e-02 -1.009890e-02 9.887460e-02 7.131720e+00 -1.170910e-01 -1.184660e-01 8.502290e-03 1.574040e+00 6.395880e+00 1.505770e+02 0.000000e+00 1.712600e+00 5.949740e+00 7.980670e+00 5.797790e-01 -9.514060e-02 1.618730e-01 -2.265730e-01 -5.748350e-01 -1.504040e-01 -1.821100e-01 2.223180e-01 2.190450e-01 -1.060790e-01 
-2.084100e-01 8.183810e-01 -6.177970e-01 -8.954250e-01 5.053650e-01 2.392660e-01 1.453340e+00 5.531940e+00 -3.028380e-01 -5.630650e-01 -1.913860e+00 -1.095370e+00 3.163900e-01 6.704690e-02 3.221450e-01 7.290570e+00 -2.826540e-01 -1.344060e-01 6.382950e-02 -2.022620e+00 6.704010e+01 5.730200e+01 1.712600e+00 0.000000e+00 1.504680e+02 7.928860e+00 -3.517500e-01 -1.458640e-01 4.333670e-01 -5.587120e-02 -8.218680e-01 -2.559910e-01 5.118750e-02 6.287860e-01 6.734390e-01 5.024430e-02 
-4.649980e-03 -1.769900e-01 1.432810e-01 7.749420e-01 -2.140820e-01 -1.804230e-01 -5.445100e-01 6.017100e-02 8.441700e-02 2.329320e-01 5.249210e-01 7.069420e+00 -1.282970e-01 -1.192870e-01 -1.578970e-01 -1.176510e+00 8.168760e-02 1.446080e-02 -1.189300e-01 6.364460e+00 1.561670e+00 1.683170e+00 5.949740e+00 1.504680e+02 0.000000e+00 6.245500e-01 8.022880e+00 -1.453560e-02 -1.674440e-01 -3.650320e-02 3.107170e-01 7.320780e-02 1.423180e-01 -5.079090e-01 -5.187210e-01 4.036660e-02 
-3.067850e-02 -2.492740e-01 1.261960e-01 4.077630e-01 -2.192930e-01 -2.386060e-01 -6.360500e-01 4.219230e-01 6.850610e-02 2.632120e-01 3.816630e+00 5.424660e+00 -1.190370e-01 -1.305900e-01 -1.174890e-01 1.739220e+00 8.755500e-02 -5.966100e-03 -7.103030e-02 1.481750e+02 -1.261720e+00 -9.775610e-02 7.980670e+00 7.928860e+00 6.245500e-01 0.000000e+00 6.057520e-01 1.800890e-01 2.789520e-01 7.087380e-02 8.801480e-01 1.500640e-01 4.273950e-01 -4.675300e-01 -4.726490e-01 -1.588290e-01 
-1.100690e-01 3.467260e-01 -2.782010e-01 -7.209490e-01 1.653680e-01 6.611930e-02 3.829170e-01 3.766090e+00 -1.260030e-01 -2.412810e-01 3.896530e-01 1.835620e+00 6.431150e-02 -1.759280e-02 8.276290e-02 5.465140e+00 -1.185900e-01 -1.311020e-01 -1.484770e-02 -1.274170e+00 1.473860e+02 7.848510e+00 5.797790e-01 -3.517500e-01 8.022880e+00 6.057520e-01 0.000000e+00 -1.381310e-01 4.173780e-01 -1.679900e-01 -6.107160e-01 -3.308880e-01 2.625000e-01 3.943240e-01 2.713110e-01 -1.912630e-01 
-3.597110e-01 1.431470e-01 9.056250e-01 -4.129440e-01 5.898370e+00 5.393240e-01 3.149800e+00 1.186380e-01 -1.124580e+00 1.027540e+00 -3.353730e-01 -2.252240e-01 7.383490e+00 4.211800e-01 1.494810e+02 3.123360e-01 3.591340e-01 5.667800e-01 7.712010e+00 -1.282780e-01 9.388600e-02 9.176120e-02 -9.514060e-02 -1.458640e-01 -1.453560e-02 1.800890e-01 -1.381310e-01 0.000000e+00 1.420240e+00 5.279890e-01 -1.971850e-01 2.319080e-03 -9.407820e-02 7.485720e-02 5.643820e-02 -7.884400e-02 
4.915620e-01 1.648820e-01 2.215690e-01 3.142920e+00 -4.585250e-01 -1.950070e-01 1.466280e+00 -1.011860e+00 2.209160e-01 1.664110e+00 4.496730e+01 2.661360e+00 -8.477540e-02 -1.794220e-01 1.981590e+00 1.673380e+00 3.472120e-01 1.373390e-01 -5.344140e-02 5.030430e+00 9.987450e-02 7.079740e-02 1.618730e-01 4.333670e-01 -1.674440e-01 2.789520e-01 4.173780e-01 1.420240e+00 0.000000e+00 1.236130e+02 1.200710e+02 1.194010e+02 3.221860e-01 -8.215990e-01 -7.637290e-01 -5.907420e-02 
-2.044110e-01 5.514970e-02 -1.464800e-01 -4.879190e-01 1.142360e-01 -3.375580e-02 3.629540e+00 3.120180e-01 -8.640570e-02 -1.644960e-01 -3.827170e+00 2.739700e-01 3.256760e-02 -8.777910e-02 1.365870e+00 5.644590e+00 2.016320e-01 -9.305520e-02 4.113300e-02 1.868060e+00 3.840900e-01 3.091430e-01 -2.265730e-01 -5.587120e-02 -3.650320e-02 7.087380e-02 -1.679900e-01 5.279890e-01 1.236130e+02 0.000000e+00 -1.348660e+01 -1.219730e+01 -1.974140e-01 3.356470e-01 3.231880e-01 -9.310810e-02 
-5.271730e-01 6.321810e-01 -7.075160e-01 -2.393120e+00 8.414250e-01 2.977420e-01 3.491510e+00 2.136750e+00 -5.179100e-01 -1.442070e+00 -5.686030e+00 -2.016310e+00 4.553300e-01 6.846320e-02 1.534670e+00 2.236640e+00 -4.203190e-01 -3.748760e-01 3.160650e-01 -1.061480e+00 6.688340e-01 9.035370e-01 -5.748350e-01 -8.218680e-01 3.107170e-01 8.801480e-01 -6.107160e-01 -1.971850e-01 1.200710e+02 -1.348660e+01 0.000000e+00 -1.514220e+01 -9.737750e-01 2.306360e+00 2.133440e+00 -2.771150e-02 
-1.893010e-01 5.413230e-01 -3.830990e-01 -7.291250e-01 4.027870e-01 6.478890e-02 4.313840e+00 8.705160e-01 -2.883090e-01 -8.533270e-01 -5.611510e+00 -8.633780e-01 3.109690e-01 -4.121700e-02 1.989170e+00 4.442450e+00 -9.515160e-02 -2.342670e-01 9.899020e-02 4.733860e-01 2.755530e-01 4.191100e-01 -1.504040e-01 -2.559910e-01 7.320780e-02 1.500640e-01 -3.308880e-01 2.319080e-03 1.194010e+02 -1.219730e+01 -1.514220e+01 0.000000e+00 -4.314470e-01 9.335480e-01 8.530410e-01 -6.132380e-02 
2.573300e-01 5.357560e+00 5.871390e-02 1.713290e+00 3.884700e-01 2.269430e-01 2.869130e+00 4.718550e+01 -1.400830e-01 1.252630e-01 -1.000010e+00 1.884140e+00 1.342440e-01 6.025120e-02 2.759150e-01 2.782140e+00 -1.073110e-01 -9.073310e-02 7.539380e-02 1.704600e-01 4.745320e+00 4.525570e-01 -1.821100e-01 5.118750e-02 1.423180e-01 4.273950e-01 2.625000e-01 -9.407820e-02 3.221860e-01 -1.974140e-01 -9.737750e-01 -4.314470e-01 0.000000e+00 1.209370e+02 1.198540e+02 1.199240e+02 
6.794510e-01 -3.915860e-01 7.538550e-01 2.548410e+00 -5.643730e-01 -5.186470e-01 -1.906260e+00 -5.662160e+00 2.732000e-01 5.253530e-01 1.764470e+00 3.635380e+00 -2.865280e-01 -1.973050e-01 -3.384550e-01 -1.436550e+00 2.260410e-01 7.864550e-02 -2.421740e-01 5.666310e-01 -8.866780e-01 -6.535680e-01 2.223180e-01 6.287860e-01 -5.079090e-01 -4.675300e-01 3.943240e-01 7.485720e-02 -8.215990e-01 3.356470e-01 2.306360e+00 9.335480e-01 1.209370e+02 0.000000e+00 -1.592740e+01 -1.245100e+01 
5.274940e-01 -1.296910e-01 8.197980e-01 3.209880e+00 -4.626160e-01 -5.206490e-01 -1.816000e+00 -5.622870e+00 2.736510e-01 4.797390e-01 1.686440e+00 3.656780e+00 -2.786840e-01 -1.972970e-01 -3.205270e-01 -1.392430e+00 2.121620e-01 6.983650e-02 -2.459500e-01 8.169600e-01 -4.804760e-01 -6.624700e-01 2.190450e-01 6.734390e-01 -5.187210e-01 -4.726490e-01 2.713110e-01 5.643820e-02 -7.637290e-01 3.231880e-01 2.133440e+00 8.530410e-01 1.198540e+02 -1.592740e+01 0.000000e+00 -1.331680e+01 
-4.625630e-02 2.233500e+00 1.462720e-01 6.467450e+00 1.033340e-01 -1.188280e-01 6.207120e-01 -3.193520e+00 -9.031110e-03 2.576750e-01 -6.129620e-02 3.717220e+00 -2.630020e-02 -9.362540e-02 4.443910e-03 -1.059610e-01 -7.592710e-03 -8.274490e-02 -8.868400e-02 -2.270340e-02 4.770430e-01 -2.203900e-03 -1.060790e-01 5.024430e-02 4.036660e-02 -1.588290e-01 -1.912630e-01 -7.884400e-02 -5.907420e-02 -9.310810e-02 -2.771150e-02 -6.132380e-02 1.199240e+02 -1.245100e+01 -1.331680e+01 0.000000e+00 
