0.000000e+00 5.426960e+01 1.724900e+00 3.241130e+00 -9.560280e-01 4.003130e+01 4.835950e-01 8.872950e+00 1.982600e+00 -4.815030e+00 -6.005630e+00 -9.782590e-01 2.481740e-03 -2.455510e-01 6.824220e-02 -5.203060e-01 1.227800e-01 4.803410e+00 1.301380e-02 -1.745560e-02 -2.415940e-01 2.548660e-01 9.290980e-02 1.497850e-01 5.298520e-02 -4.018160e-02 -4.660210e-02 -1.101190e-03 2.156350e-02 -7.721730e-03 -3.118050e-02 -3.356040e-03 -2.960110e-03 -1.335210e-02 -1.293120e-02 -6.438650e-03 1.454560e-02 -4.189510e-03 -1.086210e-02 -2.827110e-03 -1.359370e-02 -7.387060e-03 3.451010e+01 2.082280e-03 -5.453490e-03 2.690810e-01 -1.466030e+00 
5.426960e+01 0.000000e+00 7.148960e+01 4.747830e-01 1.266530e+00 1.380510e+01 1.516200e+02 -6.823290e-01 -2.670740e-01 -4.061440e-01 2.093080e+00 1.621230e+00 -1.279030e-01 4.839240e-01 9.650310e-03 1.444660e+00 -3.097390e-02 2.366370e+00 -2.159790e-01 7.664740e-02 2.232560e+00 3.329830e-02 -1.838090e-01 2.342850e-01 -4.919300e-02 -1.553270e-02 1.643930e-01 7.648030e-03 1.178460e-01 -1.274370e-02 6.630050e-02 -1.451630e-02 -5.999590e-03 -1.851600e-02 -2.185580e-02 -1.332990e-02 -2.983100e-03 -4.102030e-03 -1.420680e-02 -7.005070e-03 -1.534190e-02 -6.987670e-03 -2.266470e+00 5.290640e-03 2.020470e-02 5.606750e+00 4.261490e+00 
1.724900e+00 7.148960e+01 0.000000e+00 3.687470e+01 -1.434930e-01 7.193630e-02 1.486090e-01 7.126050e+00 6.504830e-01 -4.092900e-01 -1.846730e-01 -1.041630e+00 1.488210e+00 7.151610e+00 2.083580e+00 -1.291980e+00 1.158990e+00 3.918520e+01 2.019990e+00 -3.134890e-01 -2.363460e+00 7.081280e+00 1.279710e+00 1.930940e+00 -2.304880e-01 -2.215670e-01 -3.862650e-01 6.350050e-02 1.517750e-01 -5.931520e-03 2.810550e-01 4.685850e-02 -9.145040e-03 -2.027690e-02 -2.481620e-02 -8.632460e-03 8.189590e-02 3.351760e-02 -1.603820e-02 1.539770e-02 -1.915210e-02 -1.411420e-02 -6.075340e+00 4.962840e-03 -3.784720e-02 -3.340310e+00 -6.302200e+00 
3.241130e+00 4.747830e-01 3.687470e+01 0.000000e+00 3.425700e+01 -1.650360e+00 6.446360e+00 -3.133250e+00 -2.842400e+00 1.723890e+00 7.333230e+00 3.312540e+01 -2.595440e+00 -2.596550e+00 -2.513550e+00 3.320640e+01 -3.402200e+00 1.377760e+00 -9.414190e-01 1.291480e+00 1.008520e+00 -5.462030e-01 -2.050470e-01 -3.624810e-01 1.152260e+00 1.990970e+00 2.769540e+00 -4.258000e-02 3.393540e+00 -2.553780e-01 5.337050e-01 -2.835620e-01 5.378490e-03 -1.992990e-02 -2.482210e-02 2.337130e-02 5.067030e-01 -4.866590e-02 -6.086660e-02 5.445650e-02 6.773150e-02 -2.345050e-02 3.064010e-01 7.146110e-03 3.555950e-01 4.582750e+00 1.157330e+00 
-9.560280e-01 1.266530e+00 -1.434930e-01 3.425700e+01 0.000000e+00 3.183100e+01 5.734660e-02 1.234870e+02 1.207520e+02 -4.308670e+00 -1.241410e+00 1.092910e+00 8.612750e+00 2.646600e+00 1.412370e+00 3.169640e-01 3.035520e+00 1.593090e+00 2.156390e+00 -1.120710e-01 -1.246970e-01 2.502810e-01 1.198170e-01 1.239670e+00 5.877070e-01 -2.239490e-01 1.544650e-02 -2.290880e-04 2.557860e-02 3.568500e-02 -3.243810e-02 1.225620e-01 -1.576620e-02 -2.214900e-02 -1.490590e-02 -2.859680e-03 1.177570e-01 -2.055730e-02 -1.337560e-02 4.994630e-02 -4.358630e-03 9.123540e-04 -5.159000e-01 3.972830e-03 -1.415170e-02 2.770070e-01 -2.596460e-01 
4.003130e+01 1.380510e+01 7.193630e-02 -1.650360e+00 3.183100e+01 0.000000e+00 2.986300e+00 -3.061400e+00 -2.994190e+00 1.190140e+02 1.285510e+02 6.291180e-01 -6.659590e-02 -1.533020e-01 4.288470e-01 2.602250e+00 -4.356030e-02 -1.244130e-01 5.044340e-01 -6.067710e-02 -6.938120e-02 -6.737160e-02 -1.881690e-02 6.908980e-02 1.418610e-01 2.766470e-02 1.648640e-01 -1.550540e-02 -3.664520e-02 9.249190e-03 -7.674810e-03 2.072560e-02 -4.811190e-03 -1.657750e-02 -1.203300e-02 -3.773640e-03 3.271470e-02 -2.004850e-02 -1.808260e-02 1.841050e-02 -6.131250e-03 -1.066740e-02 -7.124630e-01 2.996870e-03 -9.482960e-03 1.673690e-01 -6.713440e-02 
4.835950e-01 1.516200e+02 1.486090e-01 6.446360e+00 5.734660e-02 2.986300e+00 0.000000e+00 -3.146030e-01 -9.476320e-02 -5.519310e-01 4.675850e-01 -1.093960e+00 -1.136540e-02 -1.139280e-01 9.329670e-03 -3.212030e-01 3.505330e-02 6.785750e+00 5.733370e-02 -1.297450e-01 -7.619250e-01 7.219160e-03 1.749270e-01 2.201780e-01 -1.453520e-01 -1.393820e-01 -6.101650e-02 -3.328010e-02 9.394990e-03 -6.515750e-02 -7.478560e-02 -9.409480e-03 -1.798920e-02 -6.572810e-02 -8.521150e-02 -5.852480e-02 -8.227410e-03 -9.812080e-03 -4.556940e-02 -1.182340e-02 -5.933340e-02 -3.625760e-02 -8.696670e-01 1.783620e-02 -1.894160e-02 5.358710e-02 -2.288210e+00 
8.872950e+00 -6.823290e-01 7.126050e+00 -3.133250e+00 1.234870e+02 -3.061400e+00 -3.146030e-01 0.000000e+00 -1.211780e+01 4.890940e+00 2.440780e+00 3.539620e+00 3.647950e-02 2.233180e-01 -2.272950e-01 3.265900e-01 -2.246850e-01 1.243910e+00 -2.006670e-01 -3.981960e-02 7.530100e-02 -1.965710e-01 -1.182490e-01 7.175720e-01 3.083680e-01 1.934300e-01 -1.338120e-02 -3.780860e-02 7.882520e-02 3.545160e-02 5.270310e-02 4.645380e-02 -7.224410e-04 -6.783900e-02 -1.252870e-02 4.423970e-02 -2.631590e-02 -7.927720e-02 -7.065720e-02 -1.255110e-02 -7.508450e-02 -5.786180e-02 -8.274520e-02 1.059240e-02 4.506110e-03 1.355040e-01 -7.655550e-02 
1.982600e+00 -2.670740e-01 6.504830e-01 -2.842400e+00 1.207520e+02 -2.994190e+00 -9.476320e-02 -1.211780e+01 0.000000e+00 1.327790e+01 4.327070e+00 6.061780e+00 2.026320e+00 -9.781360e-03 -5.102370e-01 4.083780e+00 2.832700e-01 -1.765330e-01 1.874410e-01 -9.276010e-02 7.446240e-02 -1.512550e-01 6.826510e-02 -8.394020e-04 3.001890e-01 -3.958270e-02 8.360690e-03 1.076690e-01 1.789940e-02 1.231630e-01 -2.156870e-02 1.922360e-03 -1.497850e-02 -8.176060e-02 -5.782190e-02 -3.351850e-02 1.507370e-02 -3.283070e-02 -6.638930e-02 -5.523850e-03 -6.456160e-02 -1.685940e-02 1.616250e-01 4.203060e-03 -1.340930e-03 -1.439850e-01 -1.948180e-02 
-4.815030e+00 -4.061440e-01 -4.092900e-01 1.723890e+00 -4.308670e+00 1.190140e+02 -5.519310e-01 4.890940e+00 1.327790e+01 0.000000e+00 -1.546290e+01 -3.167080e-02 -1.682850e-01 3.287410e-04 1.891570e-01 -2.906990e-02 -5.683950e-02 1.658510e-02 -6.951100e-02 -1.842370e-03 -5.890620e-02 -1.032930e-01 -1.123540e-01 -3.881900e-02 9.356650e-03 -5.388530e-03 -2.968710e-02 -6.728290e-02 -6.448890e-03 -5.894120e-02 -4.961050e-02 -1.456370e-02 -8.518460e-03 -5.178760e-02 -4.121840e-02 6.366260e-03 -1.860840e-02 -6.339050e-02 -5.166040e-02 -1.802760e-02 -6.336840e-02 -5.995780e-02 -1.110300e+00 1.341470e-02 -8.392710e-03 -1.462090e-01 -1.840080e-01 
-6.005630e+00 2.093080e+00 -1.846730e-01 7.333230e+00 -1.241410e+00 1.285510e+02 4.675850e-01 2.440780e+00 4.327070e+00 -1.546290e+01 0.000000e+00 -2.773060e-01 -2.679460e-01 -8.971030e-02 -1.270750e-01 -9.245500e-02 -2.888290e-02 5.430560e-02 3.598480e-01 -9.796860e-02 -3.281820e-02 -1.841600e-01 -8.419620e-02 -3.037030e-02 3.666280e-02 -5.340410e-02 4.847110e-02 -4.390820e-02 -7.797400e-03 -1.543030e-02 -4.319200e-02 -1.614850e-02 -1.377860e-02 -7.212690e-02 -5.287280e-02 -3.923370e-02 2.170010e-02 -6.662970e-02 -7.175670e-02 -1.172370e-02 -6.123360e-02 -4.939850e-02 -1.050120e+00 8.736910e-03 -2.608380e-03 -1.714410e-01 -1.218750e-02 
-9.782590e-01 1.621230e+00 -1.041630e+00 3.312540e+01 1.092910e+00 6.291180e-01 -1.093960e+00 3.539620e+00 6.061780e+00 -3.167080e-02 -2.773060e-01 0.000000e+00 1.205750e+02 1.217490e+02 1.217250e+02 -6.091670e-01 4.530900e+00 5.067260e-01 7.150630e-01 4.517180e-01 -4.640260e-01 -4.132570e-02 3.205720e-01 1.658530e+00 -2.208000e-01 4.520410e-01 -1.260400e-01 2.570410e-01 -6.082260e-02 2.731010e-01 -6.025660e-02 4.143040e-02 1.505170e-02 -6.545550e-03 -1.127220e-02 2.654760e-02 -2.616510e-02 -1.389520e-02 2.436870e-02 -2.281030e-03 -2.240140e-02 -2.173440e-02 -2.603950e-01 5.436230e-03 -9.693330e-03 -1.943800e-01 -4.112850e-01 
2.481740e-03 -1.279030e-01 1.488210e+00 -2.595440e+00 8.612750e+00 -6.659590e-02 -1.136540e-02 3.647950e-02 2.026320e+00 -1.682850e-01 -2.679460e-01 1.205750e+02 0.000000e+00 -1.126570e+01 -1.233740e+01 1.877420e+00 -4.775400e-01 2.600050e-01 3.369930e-01 3.389780e-01 8.347480e-02 -1.654240e-02 -9.698260e-02 -1.893970e-01 -5.628160e-02 1.948340e-01 1.261420e-02 -1.550970e-02 1.501010e-02 -1.155120e-01 -5.714920e-02 8.698440e-03 4.415720e-02 5.456960e-02 -4.939040e-03 2.817550e-01 2.261640e-02 -2.552590e-02 7.921470e-02 -1.202540e-02 -3.970410e-02 -6.126880e-02 1.423450e-01 3.226150e-02 1.197290e-02 -5.790580e-02 5.042400e-01 
-2.455510e-01 4.839240e-01 7.151610e+00 -2.596550e+00 2.646600e+00 -1.533020e-01 -1.139280e-01 2.233180e-01 -9.781360e-03 3.287410e-04 -8.971030e-02 1.217490e+02 -1.126570e+01 0.000000e+00 -1.205540e+01 1.270190e+00 -5.479750e-01 -8.092250e-02 -1.090270e-01 1.437960e-01 -1.131500e-01 -1.894040e-01 -1.424070e-01 5.717140e-01 1.764290e-01 2.659170e-01 4.976670e-02 -1.147420e-01 2.793910e-02 3.440180e-02 8.756720e-02 -6.511910e-04 2.307390e-02 -1.986850e-02 2.655000e-02 2.272440e-01 -1.150560e-02 -8.930510e-02 -3.164630e-02 -1.910670e-02 -6.528910e-02 -7.941780e-02 4.787410e-02 1.912910e-02 6.814260e-03 -3.722890e-01 -2.035000e-01 
6.824220e-02 9.650310e-03 2.083580e+00 -2.513550e+00 1.412370e+00 4.288470e-01 9.329670e-03 -2.272950e-01 -5.102370e-01 1.891570e-01 -1.270750e-01 1.217250e+02 -1.233740e+01 -1.205540e+01 0.000000e+00 7.129720e+00 6.452750e-01 -1.076120e-01 -7.650900e-02 -8.117650e-02 -2.564390e-02 -1.505070e-01 -1.795190e-01 4.521250e-01 -7.690120e-02 -9.203820e-02 3.820430e-03 3.545960e-02 -7.807170e-02 6.772340e-02 -1.470540e-02 -4.579920e-03 9.792210e-03 -7.053830e-02 -7.619480e-02 1.178090e-03 3.139030e-02 -8.782950e-02 -5.225940e-02 -2.623030e-02 -8.534220e-02 -8.681160e-02 6.962870e-02 2.403020e-02 -6.951630e-03 -9.018290e-03 1.292470e-01 
-5.203060e-01 1.444660e+00 -1.291980e+00 3.320640e+01 3.169640e-01 2.602250e+00 -3.212030e-01 3.265900e-01 4.083780e+00 -2.906990e-02 -9.245500e-02 -6.091670e-01 1.877420e+00 1.270190e+00 7.129720e+00 0.000000e+00 1.200060e+02 1.708660e+00 3.180080e+01 -2.450900e+00 -1.307570e+00 7.260820e+00 1.970380e+00 3.433120e+01 -3.045630e+00 -3.307050e+00 -8.722710e-01 2.705540e+00 -1.249210e+00 1.315710e+00 7.333830e+00 8.492370e-01 -1.229220e-01 -2.624220e-02 -5.343820e-03 1.249690e-01 2.856610e+00 -2.897620e-01 -2.091240e-01 2.316180e-01 6.635800e-02 7.904290e-02 -8.917760e-02 -1.334660e-02 -3.736210e-01 -4.592480e-01 -5.655140e-01 
1.227800e-01 -3.097390e-02 1.158990e+00 -3.402200e+00 3.035520e+00 -4.356030e-02 3.505330e-02 -2.246850e-01 2.832700e-01 -5.683950e-02 -2.888290e-02 4.530900e+00 -4.775400e-01 -5.479750e-01 6.452750e-01 1.200060e+02 0.000000e+00 -2.139170e-01 -3.468690e+00 8.734850e+00 2.653070e+00 -3.407880e-01 1.838670e-01 -3.633620e+00 4.015690e+00 1.071160e+01 2.295800e+00 2.825840e-01 1.537530e+00 1.015410e-01 -5.474790e-01 -2.246950e-01 2.629690e-01 -1.620750e-01 -1.624820e-01 -8.353380e-02 -1.869940e-01 8.093220e-02 4.361420e-02 -3.515300e-02 -9.245280e-02 3.961040e-03 1.243400e-02 1.920410e-02 1.586020e-01 4.797690e-02 -1.844020e-01 
4.803410e+00 2.366370e+00 3.918520e+01 1.377760e+00 1.593090e+00 -1.244130e-01 6.785750e+00 1.243910e+00 -1.765330e-01 1.658510e-02 5.430560e-02 5.067260e-01 2.600050e-01 -8.092250e-02 -1.076120e-01 1.708660e+00 -2.139170e-01 0.000000e+00 -1.308460e+00 1.917360e+00 3.193150e+01 -2.848430e+00 -2.830450e+00 -1.506790e-01 1.548760e-02 -1.036190e-02 3.876700e+00 -2.066850e-01 -2.127850e-02 -2.495970e-02 -6.050560e-02 3.960160e-01 -3.380460e-02 -7.354830e-03 3.303770e-02 5.053310e-02 7.103030e-02 5.840240e-02 2.746750e-02 -2.859050e-02 -1.194870e-02 -9.174210e-03 -7.244900e-02 -8.728550e-03 2.963590e-01 1.252790e+02 1.195340e+02 
1.301380e-02 -2.159790e-01 2.019990e+00 -9.414190e-01 2.156390e+00 5.044340e-01 5.733370e-02 -2.006670e-01 1.874410e-01 -6.951100e-02 3.598480e-01 7.150630e-01 3.369930e-01 -1.090270e-01 -7.650900e-02 3.180080e+01 -3.468690e+00 -1.308460e+00 0.000000e+00 1.201880e+02 3.348300e+01 -2.806520e+00 -3.169810e+00 -7.844850e-01 7.109660e+00 1.400750e+00 3.633450e+01 -3.583000e+00 4.467220e-01 -1.603210e-01 -5.435610e-01 -6.522220e-01 1.463690e+00 -1.885930e-01 1.643220e-01 3.250180e-01 -6.000220e-01 9.471850e-02 2.410410e+00 2.392920e+00 9.486830e-01 -2.801830e-01 3.151800e-02 -6.558460e-02 3.550230e+00 7.529820e+00 1.986870e+00 
-1.745560e-02 7.664740e-02 -3.134890e-01 1.291480e+00 -1.120710e-01 -6.067710e-02 -1.297450e-01 -3.981960e-02 -9.276010e-02 -1.842370e-03 -9.796860e-02 4.517180e-01 3.389780e-01 1.437960e-01 -8.117650e-02 -2.450900e+00 8.734850e+00 1.917360e+00 1.201880e+02 0.000000e+00 -2.113510e+00 3.517030e+00 9.767320e+00 1.212990e+00 -5.924950e-01 4.561160e-02 -3.061500e+00 8.801470e+00 -1.259730e-01 -1.782840e-01 -5.819850e-02 1.646560e+00 4.946610e-01 2.073830e-01 -6.049830e-02 4.132860e-01 1.352680e+00 -2.037940e-01 7.295180e-02 -1.833080e-01 -1.298670e-01 1.071330e-01 6.636680e-02 1.028760e-01 -3.727820e-01 -4.562100e-01 1.232170e-01 
-2.415940e-01 2.232560e+00 -2.363460e+00 1.008520e+00 -1.246970e-01 -6.938120e-02 -7.619250e-01 7.530100e-02 7.446240e-02 -5.890620e-02 -3.281820e-02 -4.640260e-01 8.347480e-02 -1.131500e-01 -2.564390e-02 -1.307570e+00 2.653070e+00 3.193150e+01 3.348300e+01 -2.113510e+00 0.000000e+00 1.230270e+02 1.217920e+02 2.518910e+00 4.783280e-01 -2.107110e-01 -4.992560e-01 2.025470e+00 -3.414100e-01 2.418450e-02 3.660060e-01 2.829900e+00 -5.030170e-02 3.707860e-02 -2.125830e-02 -5.055910e-03 1.503990e+00 1.666410e-01 -1.164170e-01 3.000940e-02 -3.945700e-02 -1.422400e-02 -2.252390e-01 -5.396930e-02 2.020620e-01 -2.180850e+00 -5.220840e+00 
2.548660e-01 3.329830e-02 7.081280e+00 -5.462030e-01 2.502810e-01 -6.737160e-02 7.219160e-03 -1.965710e-01 -1.512550e-01 -1.032930e-01 -1.841600e-01 -4.132570e-02 -1.654240e-02 -1.894040e-01 -1.505070e-01 7.260820e+00 -3.407880e-01 -2.848430e+00 -2.806520e+00 3.517030e+00 1.230270e+02 0.000000e+00 -1.151940e+01 1.010230e+00 1.944060e-01 -1.705510e-01 1.394370e+00 -2.394500e-01 6.682580e-02 -1.029450e-01 -1.600870e-01 -1.555460e-01 3.259490e-02 2.322370e-02 -9.969580e-02 1.525260e-03 3.526740e-01 4.688620e-01 2.288200e-01 1.124290e-01 -2.721570e-02 -1.458800e-02 4.459500e-02 8.909670e-02 1.174340e-01 2.440200e+00 5.015160e+00 
9.290980e-02 -1.838090e-01 1.279710e+00 -2.050470e-01 1.198170e-01 -1.881690e-02 1.749270e-01 -1.182490e-01 6.826510e-02 -1.123540e-01 -8.419620e-02 3.205720e-01 -9.698260e-02 -1.424070e-01 -1.795190e-01 1.970380e+00 1.838670e-01 -2.830450e+00 -3.169810e+00 9.767320e+00 1.217920e+02 -1.151940e+01 0.000000e+00 -1.665920e-01 -1.403880e-01 2.837330e-02 2.520140e+00 2.158060e-01 2.842120e-02 4.451470e-02 -1.465000e-01 -1.123050e-01 2.353380e-01 -9.645820e-02 8.746020e-02 -1.693400e-03 -9.380700e-02 1.989020e-01 -3.577890e-02 1.223490e-02 -7.720070e-02 3.212590e-02 1.451330e-02 6.039930e-02 6.084610e-04 3.887510e+00 1.184660e+01 
1.497850e-01 2.342850e-01 1.930940e+00 -3.624810e-01 1.239670e+00 6.908980e-02 2.201780e-01 7.175720e-01 -8.394020e-04 -3.881900e-02 -3.037030e-02 1.658530e+00 -1.893970e-01 5.717140e-01 4.521250e-01 3.433120e+01 -3.633620e+00 -1.506790e-01 -7.844850e-01 1.212990e+00 2.518910e+00 1.010230e+00 -1.665920e-01 0.000000e+00 1.220420e+02 1.189180e+02 1.411080e+00 -2.767950e-01 3.290910e+01 -3.104490e+00 -2.016040e+00 -1.387870e+00 1.162130e+00 1.106610e-01 -2.077090e-01 3.663370e-01 -2.631400e-01 9.221800e-02 -1.206770e-02 3.956980e-01 -2.910100e-02 1.223990e-01 2.192590e-03 2.030010e-02 2.826980e+00 1.406570e-01 6.282030e-03 
5.298520e-02 -4.919300e-02 -2.304880e-01 1.152260e+00 5.877070e-01 1.418610e-01 -1.453520e-01 3.083680e-01 3.001890e-01 9.356650e-03 3.666280e-02 -2.208000e-01 -5.628160e-02 1.764290e-01 -7.690120e-02 -3.045630e+00 4.015690e+00 1.548760e-02 7.109660e+00 -5.924950e-01 4.783280e-01 1.944060e-01 -1.403880e-01 1.220420e+02 0.000000e+00 -1.249370e+01 -4.550020e-01 1.186290e-01 -2.816260e+00 4.249830e+00 2.637180e+00 7.122120e+00 1.802950e-01 -2.895810e-01 3.319430e-02 -1.137400e-01 2.668110e-01 -1.597260e-01 -1.631300e-01 3.785650e-01 -2.049880e-01 -1.600000e-02 4.833200e-02 2.657220e-02 5.384570e-01 -1.762310e-01 -1.528170e-01 
-4.018160e-02 -1.553270e-02 -2.215670e-01 1.990970e+00 -2.239490e-01 2.766470e-02 -1.393820e-01 1.934300e-01 -3.958270e-02 -5.388530e-03 -5.340410e-02 4.520410e-01 1.948340e-01 2.659170e-01 -9.203820e-02 -3.307050e+00 1.071160e+01 -1.036190e-02 1.400750e+00 4.561160e-02 -2.107110e-01 -1.705510e-01 2.837330e-02 1.189180e+02 -1.249370e+01 0.000000e+00 -1.948160e-01 -2.134610e-01 -3.444760e+00 1.148650e+01 4.246460e+00 1.262560e+00 4.572420e-01 -1.330380e-01 1.839090e-01 3.379010e-01 2.142130e-02 -1.387250e-01 -2.474240e-02 -5.185760e-02 -1.164600e-01 -1.369090e-01 5.901500e-02 1.430580e-02 -3.197950e-01 -1.577140e-01 -1.718340e-02 
-4.660210e-02 1.643930e-01 -3.862650e-01 2.769540e+00 1.544650e-02 1.648640e-01 -6.101650e-02 -1.338120e-02 8.360690e-03 -2.968710e-02 4.847110e-02 -1.260400e-01 1.261420e-02 4.976670e-02 3.820430e-03 -8.722710e-01 2.295800e+00 3.876700e+00 3.633450e+01 -3.061500e+00 -4.992560e-01 1.394370e+00 2.520140e+00 1.411080e+00 -4.550020e-01 -1.948160e-01 0.000000e+00 1.171740e+02 3.940230e-01 1.627200e+00 6.193410e+00 3.317530e+01 -7.899870e-01 1.255270e+00 6.533390e+00 1.438460e+00 3.157530e+01 -2.339720e+00 -3.384560e+00 1.034980e-01 7.518330e+00 -1.100590e-01 -5.995000e-03 -3.382940e-01 5.343310e+00 6.184810e-01 -2.755340e-01 
-1.101190e-03 7.648030e-03 6.350050e-02 -4.258000e-02 -2.290880e-04 -1.550540e-02 -3.328010e-02 -3.780860e-02 1.076690e-01 -6.728290e-02 -4.390820e-02 2.570410e-01 -1.550970e-02 -1.147420e-01 3.545960e-02 2.705540e+00 2.825840e-01 -2.066850e-01 -3.583000e+00 8.801470e+00 2.025470e+00 -2.394500e-01 2.158060e-01 -2.767950e-01 1.186290e-01 -2.134610e-01 1.171740e+02 0.000000e+00 3.281620e+00 3.026460e-01 3.854350e-02 -3.158000e+00 5.519440e+00 -7.320090e-01 3.448690e-01 -6.696200e-01 -3.520810e+00 5.577150e+00 1.083860e+01 1.287670e+00 -5.179860e-01 2.585880e-02 1.547950e-02 3.115120e-02 1.475960e+00 -1.172960e-01 2.911230e-02 
2.156350e-02 1.178460e-01 1.517750e-01 3.393540e+00 2.557860e-02 -3.664520e-02 9.394990e-03 7.882520e-02 1.789940e-02 -6.448890e-03 -7.797400e-03 -6.082260e-02 1.501010e-02 2.793910e-02 -7.807170e-02 -1.249210e+00 1.537530e+00 -2.127850e-02 4.467220e-01 -1.259730e-01 -3.414100e-01 6.682580e-02 2.842120e-02 3.290910e+01 -2.816260e+00 -3.444760e+00 3.940230e-01 3.281620e+00 0.000000e+00 1.216930e+02 1.257700e+02 3.631130e+01 7.296580e-01 7.990230e+00 2.686140e+00 1.297630e+00 2.857330e+00 1.392050e-01 -6.470540e-02 1.013250e+00 -3.277860e-01 2.475080e-01 -4.568880e-04 -3.870620e-01 -8.676520e-01 -5.185050e-02 -1.400000e-02 
-7.721730e-03 -1.274370e-02 -5.931520e-03 -2.553780e-01 3.568500e-02 9.249190e-03 -6.515750e-02 3.545160e-02 1.231630e-01 -5.894120e-02 -1.543030e-02 2.731010e-01 -1.155120e-01 3.440180e-02 6.772340e-02 1.315710e+00 1.015410e-01 -2.495970e-02 -1.603210e-01 -1.782840e-01 2.418450e-02 -1.029450e-01 4.451470e-02 -3.104490e+00 4.249830e+00 1.148650e+01 1.627200e+00 3.026460e-01 1.216930e+02 0.000000e+00 -1.231960e+01 -2.586730e+00 6.428030e+00 1.899050e+00 -1.995730e-01 -5.769870e-01 -3.374190e-02 -1.249270e-01 -3.446870e-02 1.924170e-02 -2.172950e-02 -3.255890e-02 1.466080e-02 -6.589980e-02 2.287400e+00 -9.006910e-02 -1.039210e-01 
-3.118050e-02 6.630050e-02 2.810550e-01 5.337050e-01 -3.243810e-02 -7.674810e-03 -7.478560e-02 5.270310e-02 -2.156870e-02 -4.961050e-02 -4.319200e-02 -6.025660e-02 -5.714920e-02 8.756720e-02 -1.470540e-02 7.333830e+00 -5.474790e-01 -6.050560e-02 -5.435610e-01 -5.819850e-02 3.660060e-01 -1.600870e-01 -1.465000e-01 -2.016040e+00 2.637180e+00 4.246460e+00 6.193410e+00 3.854350e-02 1.257700e+02 -1.231960e+01 0.000000e+00 -3.673080e+00 2.629140e+00 -6.433630e-02 1.967070e-01 -2.190090e-01 9.599610e-01 2.299640e-01 -1.958230e-01 -2.118680e-02 -1.425310e-01 -1.911680e-01 2.241530e-02 1.003440e-01 3.896340e-01 -1.123900e-01 -9.430220e-02 
-3.356040e-03 -1.451630e-02 4.685850e-02 -2.835620e-01 1.225620e-01 2.072560e-02 -9.409480e-03 4.645380e-02 1.922360e-03 -1.456370e-02 -1.614850e-02 4.143040e-02 8.698440e-03 -6.511910e-04 -4.579920e-03 8.492370e-01 -2.246950e-01 3.960160e-01 -6.522220e-01 1.646560e+00 2.829900e+00 -1.555460e-01 -1.123050e-01 -1.387870e+00 7.122120e+00 1.262560e+00 3.317530e+01 -3.158000e+00 3.631130e+01 -2.586730e+00 -3.673080e+00 0.000000e+00 3.195430e+01 -1.924480e+00 -2.492740e+00 -2.943420e+00 -5.080140e-01 4.455090e+00 1.026490e+00 1.468000e+01 7.062640e-01 1.796900e-01 6.026400e-03 2.861910e-01 3.921510e+01 1.841850e-01 -5.101560e-02 
-2.960110e-03 -5.999590e-03 -9.145040e-03 5.378490e-03 -1.576620e-02 -4.811190e-03 -1.798920e-02 -7.224410e-04 -1.497850e-02 -8.518460e-03 -1.377860e-02 1.505170e-02 4.415720e-02 2.307390e-02 9.792210e-03 -1.229220e-01 2.629690e-01 -3.380460e-02 1.463690e+00 4.946610e-01 -5.030170e-02 3.259490e-02 2.353380e-01 1.162130e+00 1.802950e-01 4.572420e-01 -7.899870e-01 5.519440e+00 7.296580e-01 6.428030e+00 2.629140e+00 3.195430e+01 0.000000e+00 1.187580e+02 1.245300e+02 1.226560e+02 1.023290e+00 7.416120e-02 4.534510e-01 -5.341150e-01 1.484370e-01 -7.351430e-01 7.478830e-03 -6.341510e-01 -1.007070e+00 1.004310e-02 2.748090e-02 
-1.335210e-02 -1.851600e-02 -2.027690e-02 -1.992990e-02 -2.214900e-02 -1.657750e-02 -6.572810e-02 -6.783900e-02 -8.176060e-02 -5.178760e-02 -7.212690e-02 -6.545550e-03 5.456960e-02 -1.986850e-02 -7.053830e-02 -2.624220e-02 -1.620750e-01 -7.354830e-03 -1.885930e-01 2.073830e-01 3.707860e-02 2.322370e-02 -9.645820e-02 1.106610e-01 -2.895810e-01 -1.330380e-01 1.255270e+00 -7.320090e-01 7.990230e+00 1.899050e+00 -6.433630e-02 -1.924480e+00 1.187580e+02 0.000000e+00 -1.228480e+01 -1.204140e+01 3.545680e-01 -5.264410e-02 3.807620e-01 -2.448370e-02 3.669750e-01 -1.387590e-01 2.660270e-02 -1.978770e-01 2.124560e+00 -6.938830e-02 1.505790e-02 
-1.293120e-02 -2.185580e-02 -2.481620e-02 -2.482210e-02 -1.490590e-02 -1.203300e-02 -8.521150e-02 -1.252870e-02 -5.782190e-02 -4.121840e-02 -5.287280e-02 -1.127220e-02 -4.939040e-03 2.655000e-02 -7.619480e-02 -5.343820e-03 -1.624820e-01 3.303770e-02 1.643220e-01 -6.049830e-02 -2.125830e-02 -9.969580e-02 8.746020e-02 -2.077090e-01 3.319430e-02 1.839090e-01 6.533390e+00 3.448690e-01 2.686140e+00 -1.995730e-01 1.967070e-01 -2.492740e+00 1.245300e+02 -1.228480e+01 0.000000e+00 -1.162730e+01 1.769530e-01 -3.480160e-01 -5.543770e-02 -4.477020e-02 -1.252180e-01 -2.144370e-01 2.497270e-02 -1.340850e-01 1.914720e+00 -1.154660e-01 -6.106120e-02 
-6.438650e-03 -1.332990e-02 -8.632460e-03 2.337130e-02 -2.859680e-03 -3.773640e-03 -5.852480e-02 4.423970e-02 -3.351850e-02 6.366260e-03 -3.923370e-02 2.654760e-02 2.817550e-01 2.272440e-01 1.178090e-03 1.249690e-01 -8.353380e-02 5.053310e-02 3.250180e-01 4.132860e-01 -5.055910e-03 1.525260e-03 -1.693400e-03 3.663370e-01 -1.137400e-01 3.379010e-01 1.438460e+00 -6.696200e-01 1.297630e+00 -5.769870e-01 -2.190090e-01 -2.943420e+00 1.226560e+02 -1.204140e+01 -1.162730e+01 0.000000e+00 -2.541770e-01 -2.639120e-02 7.514660e-02 -3.492870e-01 4.099220e-01 -6.427840e-01 3.529510e-02 -2.641990e-01 7.994940e+00 -5.921920e-02 8.997710e-02 
1.454560e-02 -2.983100e-03 8.189590e-02 5.067030e-01 1.177570e-01 3.271470e-02 -8.227410e-03 -2.631590e-02 1.507370e-02 -1.860840e-02 2.170010e-02 -2.616510e-02 2.261640e-02 -1.150560e-02 3.139030e-02 2.856610e+00 -1.869940e-01 7.103030e-02 -6.000220e-01 1.352680e+00 1.503990e+00 3.526740e-01 -9.380700e-02 -2.631400e-01 2.668110e-01 2.142130e-02 3.157530e+01 -3.520810e+00 2.857330e+00 -3.374190e-02 9.599610e-01 -5.080140e-01 1.023290e+00 3.545680e-01 1.769530e-01 -2.541770e-01 0.000000e+00 1.278360e+02 1.230990e+02 3.416820e+01 -1.326160e+00 -2.178740e+00 5.965270e-03 -3.241100e-01 2.153360e+00 -4.612470e-02 -9.242970e-03 
-4.189510e-03 -4.102030e-03 3.351760e-02 -4.866590e-02 -2.055730e-02 -2.004850e-02 -9.812080e-03 -7.927720e-02 -3.283070e-02 -6.339050e-02 -6.662970e-02 -1.389520e-02 -2.552590e-02 -8.930510e-02 -8.782950e-02 -2.897620e-01 8.093220e-02 5.840240e-02 9.471850e-02 -2.037940e-01 1.666410e-01 4.688620e-01 1.989020e-01 9.221800e-02 -1.597260e-01 -1.387250e-01 -2.339720e+00 5.577150e+00 1.392050e-01 -1.249270e-01 2.299640e-01 4.455090e+00 7.416120e-02 -5.264410e-02 -3.480160e-01 -2.639120e-02 1.278360e+02 0.000000e+00 -1.091440e+01 -1.765130e+00 5.923060e-01 8.602710e+00 1.897950e-02 1.734070e-01 6.327710e+00 2.646740e-02 -1.137840e-02 
-1.086210e-02 -1.420680e-02 -1.603820e-02 -6.086660e-02 -1.337560e-02 -1.808260e-02 -4.556940e-02 -7.065720e-02 -6.638930e-02 -5.166040e-02 -7.175670e-02 2.436870e-02 7.921470e-02 -3.164630e-02 -5.225940e-02 -2.091240e-01 4.361420e-02 2.746750e-02 2.410410e+00 7.295180e-02 -1.164170e-01 2.288200e-01 -3.577890e-02 -1.206770e-02 -1.631300e-01 -2.474240e-02 -3.384560e+00 1.083860e+01 -6.470540e-02 -3.446870e-02 -1.958230e-01 1.026490e+00 4.534510e-01 3.807620e-01 -5.543770e-02 7.514660e-02 1.230990e+02 -1.091440e+01 0.000000e+00 -2.950480e+00 8.372120e+00 8.247830e+00 2.725810e-02 3.156270e-01 -2.057680e-01 -2.159210e-02 5.065220e-02 
-2.827110e-03 -7.005070e-03 1.539770e-02 5.445650e-02 4.994630e-02 1.841050e-02 -1.182340e-02 -1.255110e-02 -5.523850e-03 -1.802760e-02 -1.172370e-02 -2.281030e-03 -1.202540e-02 -1.910670e-02 -2.623030e-02 2.316180e-01 -3.515300e-02 -2.859050e-02 2.392920e+00 -1.833080e-01 3.000940e-02 1.124290e-01 1.223490e-02 3.956980e-01 3.785650e-01 -5.185760e-02 1.034980e-01 1.287670e+00 1.013250e+00 1.924170e-02 -2.118680e-02 1.468000e+01 -5.341150e-01 -2.448370e-02 -4.477020e-02 -3.492870e-01 3.416820e+01 -1.765130e+00 -2.950480e+00 0.000000e+00 1.281440e+02 1.243890e+02 3.927530e-03 9.295350e-02 3.588000e+01 -1.616440e-03 -8.501830e-03 
-1.359370e-02 -1.534190e-02 -1.915210e-02 6.773150e-02 -4.358630e-03 -6.131250e-03 -5.933340e-02 -7.508450e-02 -6.456160e-02 -6.336840e-02 -6.123360e-02 -2.240140e-02 -3.970410e-02 -6.528910e-02 -8.534220e-02 6.635800e-02 -9.245280e-02 -1.194870e-02 9.486830e-01 -1.298670e-01 -3.945700e-02 -2.721570e-02 -7.720070e-02 -2.910100e-02 -2.049880e-01 -1.164600e-01 7.518330e+00 -5.179860e-01 -3.277860e-01 -2.172950e-02 -1.425310e-01 7.062640e-01 1.484370e-01 3.669750e-01 -1.252180e-01 4.099220e-01 -1.326160e+00 5.923060e-01 8.372120e+00 1.281440e+02 0.000000e+00 -1.816570e+01 1.641810e-02 -6.480750e-01 -3.975140e+00 -6.449590e-02 -5.435580e-02 
-7.387060e-03 -6.987670e-03 -1.411420e-02 -2.345050e-02 9.123540e-04 -1.066740e-02 -3.625760e-02 -5.786180e-02 -1.685940e-02 -5.995780e-02 -4.939850e-02 -2.173440e-02 -6.126880e-02 -7.941780e-02 -8.681160e-02 7.904290e-02 3.961040e-03 -9.174210e-03 -2.801830e-01 1.071330e-01 -1.422400e-02 -1.458800e-02 3.212590e-02 1.223990e-01 -1.600000e-02 -1.369090e-01 -1.100590e-01 2.585880e-02 2.475080e-01 -3.255890e-02 -1.911680e-01 1.796900e-01 -7.351430e-01 -1.387590e-01 -2.144370e-01 -6.427840e-01 -2.178740e+00 8.602710e+00 8.247830e+00 1.243890e+02 -1.816570e+01 0.000000e+00 1.151050e-02 -1.043680e+00 -5.836230e+00 -4.710470e-02 -6.326920e-02 
3.451010e+01 -2.266470e+00 -6.075340e+00 3.064010e-01 -5.159000e-01 -7.124630e-01 -8.696670e-01 -8.274520e-02 1.616250e-01 -1.110300e+00 -1.050120e+00 -2.603950e-01 1.423450e-01 4.787410e-02 6.962870e-02 -8.917760e-02 1.243400e-02 -7.244900e-02 3.151800e-02 6.636680e-02 -2.252390e-01 4.459500e-02 1.451330e-02 2.192590e-03 4.833200e-02 5.901500e-02 -5.995000e-03 1.547950e-02 -4.568880e-04 1.466080e-02 2.241530e-02 6.026400e-03 7.478830e-03 2.660270e-02 2.497270e-02 3.529510e-02 5.965270e-03 1.897950e-02 2.725810e-02 3.927530e-03 1.641810e-02 1.151050e-02 0.000000e+00 -1.739090e-03 1.489080e-03 -5.263690e-02 -4.771670e-01 
2.082280e-03 5.290640e-03 4.962840e-03 7.146110e-03 3.972830e-03 2.996870e-03 1.783620e-02 1.059240e-02 4.203060e-03 1.341470e-02 8.736910e-03 5.436230e-03 3.226150e-02 1.912910e-02 2.403020e-02 -1.334660e-02 1.920410e-02 -8.728550e-03 -6.558460e-02 1.028760e-01 -5.396930e-02 8.909670e-02 6.039930e-02 2.030010e-02 2.657220e-02 1.430580e-02 -3.382940e-01 3.115120e-02 -3.870620e-01 -6.589980e-02 1.003440e-01 2.861910e-01 -6.341510e-01 -1.978770e-01 -1.340850e-01 -2.641990e-01 -3.241100e-01 1.734070e-01 3.156270e-01 9.295350e-02 -6.480750e-01 -1.043680e+00 -1.739090e-03 0.000000e+00 3.552820e+01 2.252650e-02 4.253150e-02 
-5.453490e-03 2.020470e-02 -3.784720e-02 3.555950e-01 -1.415170e-02 -9.482960e-03 -1.894160e-02 4.506110e-03 -1.340930e-03 -8.392710e-03 -2.608380e-03 -9.693330e-03 1.197290e-02 6.814260e-03 -6.951630e-03 -3.736210e-01 1.586020e-01 2.963590e-01 3.550230e+00 -3.727820e-01 2.020620e-01 1.174340e-01 6.084610e-04 2.826980e+00 5.384570e-01 -3.197950e-01 5.343310e+00 1.475960e+00 -8.676520e-01 2.287400e+00 3.896340e-01 3.921510e+01 -1.007070e+00 2.124560e+00 1.914720e+00 7.994940e+00 2.153360e+00 6.327710e+00 -2.057680e-01 3.588000e+01 -3.975140e+00 -5.836230e+00 1.489080e-03 3.552820e+01 0.000000e+00 8.430410e-02 -1.032110e-02 
2.690810e-01 5.606750e+00 -3.340310e+00 4.582750e+00 2.770070e-01 1.673690e-01 5.358710e-02 1.355040e-01 -1.439850e-01 -1.462090e-01 -1.714410e-01 -1.943800e-01 -5.790580e-02 -3.722890e-01 -9.018290e-03 -4.592480e-01 4.797690e-02 1.252790e+02 7.529820e+00 -4.562100e-01 -2.180850e+00 2.440200e+00 3.887510e+00 1.406570e-01 -1.762310e-01 -1.577140e-01 6.184810e-01 -1.172960e-01 -5.185050e-02 -9.006910e-02 -1.123900e-01 1.841850e-01 1.004310e-02 -6.938830e-02 -1.154660e-01 -5.921920e-02 -4.612470e-02 2.646740e-02 -2.159210e-02 -1.616440e-03 -6.449590e-02 -4.710470e-02 -5.263690e-02 2.252650e-02 8.430410e-02 0.000000e+00 -1.334230e+01 
-1.466030e+00 4.261490e+00 -6.302200e+00 1.157330e+00 -2.596460e-01 -6.713440e-02 -2.288210e+00 -7.655550e-02 -1.948180e-02 -1.840080e-01 -1.218750e-02 -4.112850e-01 5.042400e-01 -2.035000e-01 1.292470e-01 -5.655140e-01 -1.844020e-01 1.195340e+02 1.986870e+00 1.232170e-01 -5.220840e+00 5.015160e+00 1.184660e+01 6.282030e-03 -1.528170e-01 -1.718340e-02 -2.755340e-01 2.911230e-02 -1.400000e-02 -1.039210e-01 -9.430220e-02 -5.101560e-02 2.748090e-02 1.505790e-02 -6.106120e-02 8.997710e-02 -9.242970e-03 -1.137840e-02 5.065220e-02 -8.501830e-03 -5.435580e-02 -6.326920e-02 -4.771670e-01 4.253150e-02 -1.032110e-02 -1.334230e+01 0.000000e+00 
