32 #p B3LYP 6-311+G** NMR=SPINSPIN
-560075.84885318 three_better_no_oh_bondCO_bis.nmrJ.log
1 C 89.774000 0.000000e+00 4.244950e+01 1.091560e+00 6.548150e+00 3.581830e+01 -4.899930e-01 1.113510e+00 -1.173130e-01 2.073940e-02 -3.703050e-04 1.463400e-01 -1.910260e+00 3.973140e-01 -5.478650e-03 -9.045950e-03 -1.562860e-02 1.246990e-02 -6.147790e-03 -6.722760e-02 -4.553650e-03 3.576160e-02 -1.112080e-02 -3.339750e+00 1.010340e+00 -1.049440e-01 -8.166590e-01 1.306580e+02 -2.266750e-01 2.010770e+01 -2.623210e+00 9.722680e-01 9.490830e-01 
2 C 83.129000 4.244950e+01 0.000000e+00 2.277800e+01 -1.063540e+00 2.914540e+00 6.392580e+01 6.400630e-01 1.057090e-01 4.304950e-02 1.673880e-04 -3.017680e+00 -1.790740e+01 1.270220e+00 -4.617060e-02 -1.971500e-01 1.479230e-01 6.454300e-01 1.648100e-02 -2.424560e-01 1.223400e-01 4.000270e-01 8.361960e-02 -2.219740e-01 -1.481710e-01 -1.273650e-01 1.490920e+02 -1.479070e+00 2.602680e+00 -8.543350e+00 9.576900e+00 -8.715230e-02 -2.881130e-01 
3 O 57.766700 1.091560e+00 2.277800e+01 0.000000e+00 2.085450e+01 1.255720e+00 -1.786530e+00 -8.794700e+00 -1.670520e+00 -3.006400e-01 -3.987090e-02 -1.095200e+00 -1.827840e-01 5.390250e-02 -1.820170e-02 -1.153350e-01 -9.362040e-03 -1.603840e-02 -1.825500e-02 -7.129110e-02 2.728550e-02 5.795470e-04 1.868540e-02 -1.914740e-01 -1.473950e+00 -1.954870e-01 -1.148370e+01 2.073170e-01 -8.549890e+00 -1.504360e+00 3.223340e-01 -8.844190e-01 8.300680e-02 
4 C 91.494600 6.548150e+00 -1.063540e+00 2.085450e+01 0.000000e+00 3.567710e+01 -1.497820e-01 4.617310e+01 8.068120e+00 3.795770e+00 7.527640e-02 9.019710e-02 -5.781140e-02 3.505580e-04 -1.114390e-03 -5.328840e-03 -1.751140e-02 -2.031210e-02 -3.298180e-03 -1.660370e-02 -2.426930e-02 -2.867550e-02 -2.494390e-02 -1.382270e+00 -4.579710e+00 -4.497330e+00 4.960080e+00 -1.956920e-01 1.457400e+02 -9.693840e-01 -2.190690e-01 4.659700e-01 9.113890e-01 
5 C 87.602400 3.581830e+01 2.914540e+00 1.255720e+00 3.567710e+01 0.000000e+00 -2.609790e-01 7.929050e-01 -1.989950e-02 -7.750440e-02 2.600770e-03 -6.774120e-01 -2.444500e-01 -2.315940e-02 -6.389650e-03 -9.524210e-03 -1.352510e-02 -1.339100e-02 -8.788720e-03 5.489220e-03 -2.584000e-03 -1.893280e-02 -1.702370e-02 1.544080e+02 6.669560e+00 3.815830e+00 4.691510e+00 -3.883920e+00 -3.271820e+00 -5.134520e-01 2.153000e-01 2.058920e+01 -3.288060e+00 
6 C 178.671500 -4.899930e-01 6.392580e+01 -1.786530e+00 -1.497820e-01 -2.609790e-01 0.000000e+00 -1.671280e-02 -3.029130e-02 -9.024300e-03 -1.816600e-03 3.498170e+01 3.967880e+01 -2.663350e+00 3.028290e+00 2.188160e-01 -3.171840e-01 9.300740e-01 -1.588690e-01 2.689840e+00 -1.027420e-01 -3.665190e-01 -1.588300e-01 -2.679770e-01 7.525020e-02 1.285980e-01 -2.877680e+00 8.354200e+00 5.766890e-01 5.663260e-01 -6.192420e-01 1.792980e-03 -4.750310e-02 
7 C 58.576100 1.113510e+00 6.400630e-01 -8.794700e+00 4.617310e+01 7.929050e-01 -1.671280e-02 0.000000e+00 -4.388850e+00 -9.080600e-01 8.954430e-01 -2.042380e-01 -1.781250e-02 -9.959660e-03 2.796810e-03 -4.003330e-03 -6.662070e-03 -2.871150e-03 2.315910e-02 2.733210e-02 -5.350180e-03 -8.077620e-03 -1.488000e-02 4.782770e+00 1.366390e+02 1.354210e+02 1.581630e-01 -2.251990e-01 -1.301650e+00 1.793890e-02 6.832320e-02 -4.279220e-01 -9.529140e-02 
8 N -8.406200 -1.173130e-01 1.057090e-01 -1.670520e+00 8.068120e+00 -1.989950e-02 -3.029130e-02 -4.388850e+00 0.000000e+00 -6.636520e+00 8.755490e-01 2.975700e-03 -3.891310e-04 -1.586430e-03 -1.003540e-03 9.637440e-05 -4.495890e-03 -5.114860e-03 -8.628830e-04 -8.438230e-05 -2.967130e-03 -4.056010e-03 -4.777400e-03 2.710200e-02 -7.204870e-01 -7.760390e-01 4.258560e-01 6.041630e-02 4.425640e-01 6.716830e-03 -3.118180e-03 -3.817580e-01 6.242800e-03 
9 N -198.459000 2.073940e-02 4.304950e-02 -3.006400e-01 3.795770e+00 -7.750440e-02 -9.024300e-03 -9.080600e-01 -6.636520e+00 0.000000e+00 -2.943710e+00 4.511380e-05 1.757040e-04 -8.135210e-04 -8.161400e-04 -7.031520e-04 -3.926860e-03 -3.555990e-03 -9.134940e-04 4.364990e-05 -2.095080e-03 -3.400180e-03 -3.871890e-03 3.629330e-02 4.444080e-01 1.160180e+00 6.663370e-02 9.005800e-03 -1.692760e-01 1.048010e-03 1.544300e-03 -5.926650e-02 6.865280e-03 
10 N -164.699100 -3.703050e-04 1.673880e-04 -3.987090e-02 7.527640e-02 2.600770e-03 -1.816600e-03 8.954430e-01 8.755490e-01 -2.943710e+00 0.000000e+00 -1.689370e-03 6.601200e-04 -1.406780e-03 -1.248360e-03 -1.388020e-03 -5.679640e-03 -4.168120e-03 -3.417950e-03 -3.641400e-03 -4.945100e-03 -4.617760e-03 -5.834300e-03 -6.847990e-03 1.946670e-01 1.273290e-01 2.975090e-03 2.280150e-03 9.062670e-02 3.481980e-04 -5.577700e-03 1.507420e-03 -1.584860e-03 
11 O -290.285400 1.463400e-01 -3.017680e+00 -1.095200e+00 9.019710e-02 -6.774120e-01 3.498170e+01 -2.042380e-01 2.975700e-03 4.511380e-05 -1.689370e-03 0.000000e+00 -8.392550e+00 -1.498610e+00 3.357400e-02 9.314340e-03 -1.801110e-01 6.906760e-02 1.624820e-02 1.431740e-02 -2.476100e-01 4.624890e-02 3.293890e-02 -3.926700e-01 -7.039050e-02 -3.432210e-01 -1.771410e+00 1.332930e-01 -2.666380e-03 1.812270e+00 -1.343300e-01 2.511430e-01 -1.208930e-01 
12 O -115.005000 -1.910260e+00 -1.790740e+01 -1.827840e-01 -5.781140e-02 -2.444500e-01 3.967880e+01 -1.781250e-02 -3.891310e-04 1.757040e-04 6.601200e-04 -8.392550e+00 0.000000e+00 2.110810e+01 -8.619170e+00 -1.651030e+00 -1.366520e+00 -1.178080e+01 -1.836030e+00 -1.481240e+00 -6.904810e-01 -6.213710e+00 -1.247550e+00 3.581450e-02 -2.315970e-02 -5.636000e-02 -2.357630e-01 -8.569490e-01 2.100090e-03 -1.525290e-01 -8.357990e-02 3.502770e-02 4.383960e-02 
13 C 75.172700 3.973140e-01 1.270220e+00 5.390250e-02 3.505580e-04 -2.315940e-02 -2.663350e+00 -9.959660e-03 -1.586430e-03 -8.135210e-04 -1.406780e-03 -1.498610e+00 2.110810e+01 0.000000e+00 3.982970e+01 3.768760e+01 -6.155780e+00 2.206910e+00 -5.114630e+00 1.425410e+02 -5.109470e+00 1.677600e+00 -5.841270e+00 -1.699390e-03 -3.632330e-03 2.093580e-02 1.044560e-01 1.176290e-01 -1.539340e-02 8.597510e-03 -4.610130e-02 9.237320e-03 -2.454690e-02 
14 C 23.287800 -5.478650e-03 -4.617060e-02 -1.820170e-02 -1.114390e-03 -6.389650e-03 3.028290e+00 2.796810e-03 -1.003540e-03 -8.161400e-04 -1.248360e-03 3.357400e-02 -8.619170e+00 3.982970e+01 0.000000e+00 8.778780e-01 1.225120e+02 1.177990e+02 1.232530e+02 -6.644580e-01 9.194450e+00 1.005300e+00 3.265920e+00 -1.707160e-02 3.123390e-03 4.302100e-03 -2.609610e-02 -1.481500e-02 -2.176900e-02 3.121420e-03 -3.589060e-02 4.527270e-03 -2.219340e-02 
15 C 22.595600 -9.045950e-03 -1.971500e-01 -1.153350e-01 -5.328840e-03 -9.524210e-03 2.188160e-01 -4.003330e-03 9.637440e-05 -7.031520e-04 -1.388020e-03 9.314340e-03 -1.651030e+00 3.768760e+01 8.778780e-01 0.000000e+00 3.196060e+00 9.316180e-01 8.778040e+00 -6.688890e-01 1.254310e+02 1.177350e+02 1.220780e+02 -1.339610e-02 -1.302480e-02 -3.170710e-03 4.961660e-02 -7.690880e-03 -2.515770e-02 -1.557540e-03 -3.020430e-02 1.980550e-03 -2.543710e-02 
16 H 1.371867 -1.562860e-02 1.479230e-01 -9.362040e-03 -1.751140e-02 -1.352510e-02 -3.171840e-01 -6.662070e-03 -4.495890e-03 -3.926860e-03 -5.679640e-03 -1.801110e-01 -1.366520e+00 -6.155780e+00 1.225120e+02 3.196060e+00 0.000000e+00 -1.220290e+01 -1.107040e+01 1.152210e+01 -4.856460e-01 -2.842780e-01 -1.896000e-02 -8.394300e-02 -2.228150e-02 -3.640570e-02 1.450700e-02 -6.742440e-02 -8.159830e-02 4.486830e-03 -1.249050e-01 1.464120e-02 -7.167440e-02 
17 H 1.093467 1.246990e-02 6.454300e-01 -1.603840e-02 -2.031210e-02 -1.339100e-02 9.300740e-01 -2.871150e-03 -5.114860e-03 -3.555990e-03 -4.168120e-03 6.906760e-02 -1.178080e+01 2.206910e+00 1.177990e+02 9.316180e-01 -1.220290e+01 0.000000e+00 -1.251620e+01 2.104230e+00 -4.699410e-02 6.876840e-01 -2.503080e-01 -6.433590e-02 -2.326820e-02 -1.885040e-03 -1.476600e-01 -8.318420e-02 -9.453550e-02 1.414520e-02 -1.259600e-01 1.329930e-02 -9.155880e-02 
18 H 1.406767 -6.147790e-03 1.648100e-02 -1.825500e-02 -3.298180e-03 -8.788720e-03 -1.588690e-01 2.315910e-02 -8.628830e-04 -9.134940e-04 -3.417950e-03 1.624820e-02 -1.836030e+00 -5.114630e+00 1.232530e+02 8.778040e+00 -1.107040e+01 -1.251620e+01 0.000000e+00 3.837970e+00 2.730250e+00 7.612210e-02 -5.340930e-01 -3.329000e-02 1.187770e-01 1.184460e-01 -2.377390e-02 -8.321810e-02 -4.927500e-02 1.039210e-02 -1.325230e-01 1.430710e-02 -6.562910e-02 
19 H 5.105367 -6.722760e-02 -2.424560e-01 -7.129110e-02 -1.660370e-02 5.489220e-03 2.689840e+00 2.733210e-02 -8.438230e-05 4.364990e-05 -3.641400e-03 1.431740e-02 -1.481240e+00 1.425410e+02 -6.644580e-01 -6.688890e-01 1.152210e+01 2.104230e+00 3.837970e+00 0.000000e+00 3.950800e+00 1.863030e+00 1.034250e+01 4.242560e-02 4.917020e-02 2.173610e-01 -1.186500e-01 -1.584130e-01 -1.139760e-01 8.198830e-03 -1.549720e-01 1.861130e-02 -1.128690e-01 
20 H 1.775067 -4.553650e-03 1.223400e-01 2.728550e-02 -2.426930e-02 -2.584000e-03 -1.027420e-01 -5.350180e-03 -2.967130e-03 -2.095080e-03 -4.945100e-03 -2.476100e-01 -6.904810e-01 -5.109470e+00 9.194450e+00 1.254310e+02 -4.856460e-01 -4.699410e-02 2.730250e+00 3.950800e+00 0.000000e+00 -1.294590e+01 -1.064140e+01 2.087530e-02 -6.563240e-02 1.415380e-02 -3.549860e-02 -7.241830e-02 -1.114740e-01 -1.763600e-02 -6.905190e-02 1.010760e-02 -8.255900e-02 
21 H 0.968267 3.576160e-02 4.000270e-01 5.795470e-04 -2.867550e-02 -1.893280e-02 -3.665190e-01 -8.077620e-03 -4.056010e-03 -3.400180e-03 -4.617760e-03 4.624890e-02 -6.213710e+00 1.677600e+00 1.005300e+00 1.177350e+02 -2.842780e-01 6.876840e-01 7.612210e-02 1.863030e+00 -1.294590e+01 0.000000e+00 -1.230560e+01 -5.558070e-02 -6.074240e-02 -2.128680e-02 -1.430490e-01 -8.353710e-02 -1.213010e-01 8.019690e-03 -1.227800e-01 1.133420e-02 -1.010400e-01 
22 H 0.967467 -1.112080e-02 8.361960e-02 1.868540e-02 -2.494390e-02 -1.702370e-02 -1.588300e-01 -1.488000e-02 -4.777400e-03 -3.871890e-03 -5.834300e-03 3.293890e-02 -1.247550e+00 -5.841270e+00 3.265920e+00 1.220780e+02 -1.896000e-02 -2.503080e-01 -5.340930e-01 1.034250e+01 -1.064140e+01 -1.230560e+01 0.000000e+00 -7.391300e-02 -6.935660e-02 -5.457710e-02 5.228540e-02 -6.266410e-02 -1.040050e-01 -4.590950e-03 -1.119510e-01 1.489140e-02 -7.887020e-02 
23 H 4.627467 -3.339750e+00 -2.219740e-01 -1.914740e-01 -1.382270e+00 1.544080e+02 -2.679770e-01 4.782770e+00 2.710200e-02 3.629330e-02 -6.847990e-03 -3.926700e-01 3.581450e-02 -1.699390e-03 -1.707160e-02 -1.339610e-02 -8.394300e-02 -6.433590e-02 -3.329000e-02 4.242560e-02 2.087530e-02 -5.558070e-02 -7.391300e-02 0.000000e+00 5.228520e-02 2.178090e-01 -7.575060e-01 5.206220e+00 4.191700e+00 -1.478930e+00 -2.506830e-01 -1.764660e+01 1.454830e+01 
24 H 3.710767 1.010340e+00 -1.481710e-01 -1.473950e+00 -4.579710e+00 6.669560e+00 7.525020e-02 1.366390e+02 -7.204870e-01 4.444080e-01 1.946670e-01 -7.039050e-02 -2.315970e-02 -3.632330e-03 3.123390e-03 -1.302480e-02 -2.228150e-02 -2.326820e-02 1.187770e-01 4.917020e-02 -6.563240e-02 -6.074240e-02 -6.935660e-02 5.228520e-02 0.000000e+00 -1.023710e+01 1.297960e-02 -1.415970e-01 4.176660e+00 -5.689190e-02 -2.102190e-01 -4.172220e-02 -1.424590e-01 
25 H 3.386367 -1.049440e-01 -1.273650e-01 -1.954870e-01 -4.497330e+00 3.815830e+00 1.285980e-01 1.354210e+02 -7.760390e-01 1.160180e+00 1.273290e-01 -3.432210e-01 -5.636000e-02 2.093580e-02 4.302100e-03 -3.170710e-03 -3.640570e-02 -1.885040e-03 1.184460e-01 2.173610e-01 1.415380e-02 -2.128680e-02 -5.457710e-02 2.178090e-01 -1.023710e+01 0.000000e+00 -1.510690e-01 -5.350220e-02 9.416820e+00 -1.294800e-02 -1.114810e-01 4.601630e-02 -2.347500e-01 
26 H 4.377767 -8.166590e-01 1.490920e+02 -1.148370e+01 4.960080e+00 4.691510e+00 -2.877680e+00 1.581630e-01 4.258560e-01 6.663370e-02 2.975090e-03 -1.771410e+00 -2.357630e-01 1.044560e-01 -2.609610e-02 4.961660e-02 1.450700e-02 -1.476600e-01 -2.377390e-02 -1.186500e-01 -3.549860e-02 -1.430490e-01 5.228540e-02 -7.575060e-01 1.297960e-02 -1.510690e-01 0.000000e+00 7.166790e+00 -6.494750e-01 2.680840e-01 -7.639370e-01 9.630660e-02 -8.118040e-02 
27 H 3.997867 1.306580e+02 -1.479070e+00 2.073170e-01 -1.956920e-01 -3.883920e+00 8.354200e+00 -2.251990e-01 6.041630e-02 9.005800e-03 2.280150e-03 1.332930e-01 -8.569490e-01 1.176290e-01 -1.481500e-02 -7.690880e-03 -6.742440e-02 -8.318420e-02 -8.321810e-02 -1.584130e-01 -7.241830e-02 -8.353710e-02 -6.266410e-02 5.206220e+00 -1.415970e-01 -5.350220e-02 7.166790e+00 0.000000e+00 4.434720e-01 -2.991020e+00 1.999190e+00 -3.018580e+00 2.041690e-01 
28 H 3.371167 -2.266750e-01 2.602680e+00 -8.549890e+00 1.457400e+02 -3.271820e+00 5.766890e-01 -1.301650e+00 4.425640e-01 -1.692760e-01 9.062670e-02 -2.666380e-03 2.100090e-03 -1.539340e-02 -2.176900e-02 -2.515770e-02 -8.159830e-02 -9.453550e-02 -4.927500e-02 -1.139760e-01 -1.114740e-01 -1.213010e-01 -1.040050e-01 4.191700e+00 4.176660e+00 9.416820e+00 -6.494750e-01 4.434720e-01 0.000000e+00 -3.285230e-02 -1.817450e-01 -2.918340e+00 9.974410e-02 
29 O 99.582800 2.010770e+01 -8.543350e+00 -1.504360e+00 -9.693840e-01 -5.134520e-01 5.663260e-01 1.793890e-02 6.716830e-03 1.048010e-03 3.481980e-04 1.812270e+00 -1.525290e-01 8.597510e-03 3.121420e-03 -1.557540e-03 4.486830e-03 1.414520e-02 1.039210e-02 8.198830e-03 -1.763600e-02 8.019690e-03 -4.590950e-03 -1.478930e+00 -5.689190e-02 -1.294800e-02 2.680840e-01 -2.991020e+00 -3.285230e-02 0.000000e+00 -6.270860e+01 -1.230380e-01 -1.035160e-01 
30 H 1.569567 -2.623210e+00 9.576900e+00 3.223340e-01 -2.190690e-01 2.153000e-01 -6.192420e-01 6.832320e-02 -3.118180e-03 1.544300e-03 -5.577700e-03 -1.343300e-01 -8.357990e-02 -4.610130e-02 -3.589060e-02 -3.020430e-02 -1.249050e-01 -1.259600e-01 -1.325230e-01 -1.549720e-01 -6.905190e-02 -1.227800e-01 -1.119510e-01 -2.506830e-01 -2.102190e-01 -1.114810e-01 -7.639370e-01 1.999190e+00 -1.817450e-01 -6.270860e+01 0.000000e+00 1.049360e-01 -1.598640e-02 
31 O 68.137500 9.722680e-01 -8.715230e-02 -8.844190e-01 4.659700e-01 2.058920e+01 1.792980e-03 -4.279220e-01 -3.817580e-01 -5.926650e-02 1.507420e-03 2.511430e-01 3.502770e-02 9.237320e-03 4.527270e-03 1.980550e-03 1.464120e-02 1.329930e-02 1.430710e-02 1.861130e-02 1.010760e-02 1.133420e-02 1.489140e-02 -1.764660e+01 -4.172220e-02 4.601630e-02 9.630660e-02 -3.018580e+00 -2.918340e+00 -1.230380e-01 1.049360e-01 0.000000e+00 -5.998570e+01 
32 H -0.428533 9.490830e-01 -2.881130e-01 8.300680e-02 9.113890e-01 -3.288060e+00 -4.750310e-02 -9.529140e-02 6.242800e-03 6.865280e-03 -1.584860e-03 -1.208930e-01 4.383960e-02 -2.454690e-02 -2.219340e-02 -2.543710e-02 -7.167440e-02 -9.155880e-02 -6.562910e-02 -1.128690e-01 -8.255900e-02 -1.010400e-01 -7.887020e-02 1.454830e+01 -1.424590e-01 -2.347500e-01 -8.118040e-02 2.041690e-01 9.974410e-02 -1.035160e-01 -1.598640e-02 -5.998570e+01 0.000000e+00 
6     -0.245840   2.169456   0.124200
6      0.626935   1.140390   0.870052
8     -0.295247   0.300551   1.570527
6     -1.606181   0.351016   0.960773
6     -1.540752   1.383415  -0.172470
6      1.456602   0.277644  -0.087017
6     -1.953988  -1.072453   0.529183
7     -3.347353  -1.087264   0.037757
7     -3.722732  -2.142731  -0.478400
7     -4.189216  -3.058489  -0.978580
8      1.148752   0.070715  -1.252639
8      2.518163  -0.249822   0.522162
6      3.364191  -1.173322  -0.243144
6      3.971430  -2.121665   0.779804
6      4.394316  -0.368554  -1.026830
1      4.594392  -1.575246   1.495982
1      4.597967  -2.863468   0.273092
1      3.189793  -2.650085   1.334090
1      2.708182  -1.711387  -0.932672
1      3.904038   0.299720  -1.740079
1      5.047933  -1.046111  -1.587171
1      5.015372   0.227356  -0.349217
1     -1.432877   0.878771  -1.143756
1     -1.841436  -1.742579   1.391479
1     -1.255131  -1.398933  -0.252531
1      1.292947   1.591902   1.610188
1     -0.501582   2.975565   0.819605
1     -2.324037   0.695489   1.713984
8      0.341440   2.787216  -0.999629
1     -0.330833   3.399814  -1.350717
8     -2.701738   2.193158  -0.150559
1     -2.740847   2.608482   0.726079

