0.000000e+00 1.496070e+02 2.767150e-01 2.862930e+00 7.754470e+00 8.264890e+00 4.996170e+00 4.799130e+00 -1.135780e-01 -9.454810e-01 4.494560e-01 -3.068170e-01 -3.146710e-01 7.274610e-01 3.499470e-01 4.240630e-01 2.843110e-01 4.818660e-01 -5.896780e-01 -1.489400e-01 -3.224400e-01 -1.312320e-01 3.267750e-01 -1.888190e-02 -2.296500e-01 1.891490e-01 1.268050e-01 -2.239320e-01 -2.207130e-01 6.564950e-03 -2.971290e-02 -7.251740e-02 
1.496070e+02 0.000000e+00 7.192730e+01 5.842300e+01 -1.473530e+00 3.516270e-01 1.064360e+00 1.774360e+00 6.207640e+00 5.002170e+00 2.938240e+00 6.322360e+00 5.322300e+00 -5.343130e-01 -3.936700e-01 -1.180750e+00 -1.400740e+00 -2.624930e-01 1.762030e+00 3.443200e-01 7.420470e-01 4.483970e-01 -6.392050e-01 -3.426580e-01 7.533090e-01 -7.369790e-01 -8.086610e-01 2.913770e-01 6.998480e-01 -1.227810e-01 -2.049750e-01 3.125190e-01 
2.767150e-01 7.192730e+01 0.000000e+00 -1.653030e+00 5.792520e+01 1.495450e+02 4.837610e+00 6.788080e+00 2.143190e+00 9.224170e-01 -1.327040e+00 -5.021140e-01 -4.099370e-01 5.335700e+00 5.788050e+00 2.969690e+00 1.123290e+00 7.108030e-01 -1.949230e+00 1.345690e-01 -2.419090e-01 -2.847120e-01 7.418430e-01 5.041170e-01 -7.621140e-01 8.337230e-01 9.322160e-01 -3.029730e-01 -6.393060e-01 1.281460e-01 1.085780e-01 -3.035570e-01 
2.862930e+00 5.842300e+01 -1.653030e+00 0.000000e+00 6.862470e+00 7.756160e+00 5.645010e+01 6.877220e+01 -1.610010e+00 3.973200e-01 -1.611890e-01 5.979230e-01 -7.255990e-01 1.028050e+00 5.583310e-01 3.204230e+00 5.846630e+00 3.415690e+00 -6.742850e-01 -3.316450e-01 -1.396570e+00 6.156060e-01 8.206520e-01 5.193010e-01 -1.353010e+00 5.664450e+00 1.395700e+00 -5.425390e-01 -3.451830e-01 5.076310e-01 2.433410e-01 -2.778390e-01 
7.754470e+00 -1.473530e+00 5.792520e+01 6.862470e+00 0.000000e+00 2.623610e+00 3.106960e-01 -1.828760e+00 6.567550e+01 5.845670e+01 3.634050e+00 6.526730e-01 9.157910e-01 -1.272360e+00 1.350690e+00 -2.481820e-01 -3.888600e-01 -1.264240e+00 7.764390e+00 6.681090e+00 3.061510e+00 3.811660e-01 -1.296850e+00 5.001350e-01 6.637090e-01 -5.780960e-01 -5.671650e-01 2.241520e-01 5.535940e-01 -1.851390e-01 -2.038900e-01 1.945630e-01 
8.264890e+00 3.516270e-01 1.495450e+02 7.756160e+00 2.623610e+00 0.000000e+00 -9.308450e-01 -2.246690e-01 4.610510e+00 4.942820e+00 3.596150e-01 4.769200e-01 7.368750e-01 -3.352350e-01 -2.240340e-01 4.848640e-01 -4.549180e-01 -3.246840e-01 2.603260e-01 4.005450e-02 4.452160e-01 -4.253320e-02 -4.246800e-01 -1.505190e-01 2.580460e-01 -2.242130e-01 -3.019630e-01 1.479310e-01 2.379920e-01 -1.686200e-01 -2.258900e-01 8.697500e-02 
4.996170e+00 1.064360e+00 4.837610e+00 5.645010e+01 3.106960e-01 -9.308450e-01 0.000000e+00 -1.112030e-01 3.288110e+00 6.068450e+01 6.241960e+01 6.389300e+00 5.896990e+00 -9.819820e-01 5.502520e-01 1.158900e-01 4.076570e-01 4.352990e-01 2.958460e+00 3.291290e-01 6.150760e+00 5.460250e+00 4.782270e-01 -1.074270e+00 3.793380e+00 -1.238850e+00 -4.045010e-01 6.495620e-01 9.799040e-01 -3.600210e-01 -4.328540e-01 3.186250e-01 
4.799130e+00 1.774360e+00 6.788080e+00 6.877220e+01 -1.828760e+00 -2.246690e-01 -1.112030e-01 0.000000e+00 1.955300e+00 3.198940e+00 6.313060e+00 1.475200e+02 6.250860e+01 -1.203010e+00 -5.582380e-01 -7.709890e-01 -2.778300e-01 -1.854940e+00 2.015460e+00 1.781000e-01 1.947640e+00 1.669150e-01 -4.024960e-01 -6.396420e-01 3.280850e+00 2.343360e+00 -1.863190e+00 5.668540e-01 5.630530e+00 3.880430e-02 6.761970e-01 5.432270e+00 
-1.135780e-01 6.207640e+00 2.143190e+00 -1.610010e+00 6.567550e+01 4.610510e+00 3.288110e+00 1.955300e+00 0.000000e+00 1.007940e-01 -7.024840e-01 -6.162870e-01 -8.848940e-01 6.209190e+01 1.490280e+02 7.506190e+00 1.257220e+00 1.571710e+00 -2.417490e+00 1.516830e+00 -1.807030e+00 -4.995010e-01 7.314040e+00 2.856570e-01 -5.475800e-01 6.157190e-01 6.521780e-01 -2.125130e-01 -5.324930e-01 1.038310e-01 9.178670e-02 -2.142700e-01 
-9.454810e-01 5.002170e+00 9.224170e-01 3.973200e-01 5.845670e+01 4.942820e+00 6.068450e+01 3.198940e+00 1.007940e-01 0.000000e+00 2.258140e-01 4.948880e-01 -7.598960e-01 6.961850e+00 6.039520e+00 5.838300e+01 3.049820e+00 6.008430e+00 9.656450e-02 -1.050540e+00 7.785430e-01 -8.972720e-01 5.768420e+00 5.319220e+00 -6.981390e-02 4.493450e-01 5.666770e-01 -1.080300e-01 -4.501260e-01 1.526640e-01 1.482880e-01 -1.890720e-01 
4.494560e-01 2.938240e+00 -1.327040e+00 -1.611890e-01 3.634050e+00 3.596150e-01 6.241960e+01 6.313060e+00 -7.024840e-01 2.258140e-01 0.000000e+00 -1.272590e+00 3.511200e-01 1.194990e+00 7.549990e-01 6.427430e+00 6.301460e+01 6.112660e+01 -1.670990e+00 -3.803850e-01 -1.195600e+00 1.778730e+00 4.376130e-01 7.410700e+00 1.165320e+00 2.980490e+00 4.930640e+00 2.760150e-01 -1.409510e+00 4.198800e-01 3.245850e+00 4.180460e-01 
-3.068170e-01 6.322360e+00 -5.021140e-01 5.979230e-01 6.526730e-01 4.769200e-01 6.389300e+00 1.475200e+02 -6.162870e-01 4.948880e-01 -1.272590e+00 0.000000e+00 1.567130e+00 4.807040e-01 2.758100e-01 8.273050e-01 5.557980e+00 6.551530e-01 -4.531760e-01 -2.766950e-01 -6.965250e-01 -4.303740e-01 3.740080e-01 3.905140e-01 3.366210e-01 5.530520e+00 4.227030e-01 -4.422680e-01 -2.910340e-01 1.951300e-01 6.552150e-01 -2.141360e-01 
-3.146710e-01 5.322300e+00 -4.099370e-01 -7.255990e-01 9.157910e-01 7.368750e-01 5.896990e+00 6.250860e+01 -8.848940e-01 -7.598960e-01 3.511200e-01 1.567130e+00 0.000000e+00 7.694370e-01 3.752540e-01 8.505390e-01 5.699230e+01 3.555530e+00 -8.361880e-01 -2.473100e-01 -5.366230e-01 -4.263760e-01 3.464540e-01 6.994840e-01 -1.902640e-01 6.074470e+01 8.118110e+00 -1.121410e+00 -1.340820e+00 7.144690e+00 5.582380e+00 2.211050e+00 
7.274610e-01 -5.343130e-01 5.335700e+00 1.028050e+00 -1.272360e+00 -3.352350e-01 -9.819820e-01 -1.203010e+00 6.209190e+01 6.961850e+00 1.194990e+00 4.807040e-01 7.694370e-01 0.000000e+00 1.033780e+00 -1.113720e+00 -7.728460e-01 -4.669060e-01 6.410880e+01 1.496350e+02 5.384870e+00 5.984950e-01 8.301060e-01 -3.283860e-01 5.177570e-01 -4.759050e-01 -4.799790e-01 1.526170e-01 4.671970e-01 -1.575750e-01 -1.652910e-01 1.375860e-01 
3.499470e-01 -3.936700e-01 5.788050e+00 5.583310e-01 1.350690e+00 -2.240340e-01 5.502520e-01 -5.582380e-01 1.490280e+02 6.039520e+00 7.549990e-01 2.758100e-01 3.752540e-01 1.033780e+00 0.000000e+00 -1.123480e+00 -2.628400e-01 -5.768990e-01 6.989930e+00 6.745770e+00 6.136830e-01 2.480480e-01 5.001010e-01 -4.130390e-01 2.154370e-01 -2.094950e-01 -2.239190e-01 8.840540e-02 1.597360e-01 -1.511920e-01 -1.709480e-01 4.207670e-02 
4.240630e-01 -1.180750e+00 2.969690e+00 3.204230e+00 -2.481820e-01 4.848640e-01 1.158900e-01 -7.709890e-01 7.506190e+00 5.838300e+01 6.427430e+00 8.273050e-01 8.505390e-01 -1.113720e+00 -1.123480e+00 0.000000e+00 -1.175840e+00 -1.346450e+00 6.338670e+01 6.966520e+00 5.890700e+01 7.384310e+00 1.834770e+00 2.319160e+00 6.862170e-01 -5.051550e-01 -4.975120e-01 1.641800e-01 5.174890e-01 -1.787560e-01 -1.355540e-01 1.535630e-01 
2.843110e-01 -1.400740e+00 1.123290e+00 5.846630e+00 -3.888600e-01 -4.549180e-01 4.076570e-01 -2.778300e-01 1.257220e+00 3.049820e+00 6.301460e+01 5.557980e+00 5.699230e+01 -7.728460e-01 -2.628400e-01 -1.175840e+00 0.000000e+00 1.402420e+00 1.031110e+00 1.920310e-01 4.796860e+00 3.015160e+00 -3.855010e-01 2.444420e-01 6.305150e+01 -4.781120e-02 -1.130460e+00 7.237130e+00 7.341690e+00 -1.147350e+00 1.631630e+00 5.440510e+00 
4.818660e-01 -2.624930e-01 7.108030e-01 3.415690e+00 -1.264240e+00 -3.246840e-01 4.352990e-01 -1.854940e+00 1.571710e+00 6.008430e+00 6.112660e+01 6.551530e-01 3.555530e+00 -4.669060e-01 -5.768990e-01 -1.346450e+00 1.402420e+00 0.000000e+00 5.802050e+00 4.190560e-01 6.988590e+01 1.466380e+02 -3.575530e-01 9.328510e-01 5.377590e+00 -9.955180e-02 -3.174720e-01 2.028140e-01 7.051330e-01 -1.927280e-01 1.918270e-01 4.440890e-01 
-5.896780e-01 1.762030e+00 -1.949230e+00 -6.742850e-01 7.764390e+00 2.603260e-01 2.958460e+00 2.015460e+00 -2.417490e+00 9.656450e-02 -1.670990e+00 -4.531760e-01 -8.361880e-01 6.410880e+01 6.989930e+00 6.338670e+01 1.031110e+00 5.802050e+00 0.000000e+00 1.238680e+00 2.279030e+00 -1.332610e-02 1.494850e+02 4.754030e+00 -5.843010e-01 5.911800e-01 6.410930e-01 -1.988940e-01 -5.250280e-01 1.073910e-01 1.123760e-01 -2.059080e-01 
-1.489400e-01 3.443200e-01 1.345690e-01 -3.316450e-01 6.681090e+00 4.005450e-02 3.291290e-01 1.781000e-01 1.516830e+00 -1.050540e+00 -3.803850e-01 -2.766950e-01 -2.473100e-01 1.496350e+02 6.745770e+00 6.966520e+00 1.920310e-01 4.190560e-01 1.238680e+00 0.000000e+00 1.593990e-01 -1.358340e-01 7.063840e+00 8.293620e-02 -1.420250e-01 9.691470e-02 8.642240e-02 -1.372300e-01 -1.418670e-01 1.686640e-02 -1.013510e-02 -1.415630e-01 
-3.224400e-01 7.420470e-01 -2.419090e-01 -1.396570e+00 3.061510e+00 4.452160e-01 6.150760e+00 1.947640e+00 -1.807030e+00 7.785430e-01 -1.195600e+00 -6.965250e-01 -5.366230e-01 5.384870e+00 6.136830e-01 5.890700e+01 4.796860e+00 6.988590e+01 2.279030e+00 1.593990e-01 0.000000e+00 -2.901500e-01 5.335530e+00 1.493050e+02 -3.435070e-01 7.828950e-01 7.035860e-01 -2.075540e-01 -5.313960e-01 1.105260e-01 1.786320e-01 -1.577590e-01 
-1.312320e-01 4.483970e-01 -2.847120e-01 6.156060e-01 3.811660e-01 -4.253320e-02 5.460250e+00 1.669150e-01 -4.995010e-01 -8.972720e-01 1.778730e+00 -4.303740e-01 -4.263760e-01 5.984950e-01 2.480480e-01 7.384310e+00 3.015160e+00 1.466380e+02 -1.332610e-02 -1.358340e-01 -2.901500e-01 0.000000e+00 2.629830e-01 8.331980e+00 2.037700e-01 6.146540e-02 1.677650e-01 -2.195050e-02 -1.405310e-01 -3.428710e-02 7.991650e-02 -2.304840e-01 
3.267750e-01 -6.392050e-01 7.418430e-01 8.206520e-01 -1.296850e+00 -4.246800e-01 4.782270e-01 -4.024960e-01 7.314040e+00 5.768420e+00 4.376130e-01 3.740080e-01 3.464540e-01 8.301060e-01 5.001010e-01 1.834770e+00 -3.855010e-01 -3.575530e-01 1.494850e+02 7.063840e+00 5.335530e+00 2.629830e-01 0.000000e+00 -1.976960e-01 2.038550e-01 -2.078980e-01 -2.217550e-01 5.946680e-02 1.540930e-01 -1.567950e-01 -1.357510e-01 4.416950e-02 
-1.888190e-02 -3.426580e-01 5.041170e-01 5.193010e-01 5.001350e-01 -1.505190e-01 -1.074270e+00 -6.396420e-01 2.856570e-01 5.319220e+00 7.410700e+00 3.905140e-01 6.994840e-01 -3.283860e-01 -4.130390e-01 2.319160e+00 2.444420e-01 9.328510e-01 4.754030e+00 8.293620e-02 1.493050e+02 8.331980e+00 -1.976960e-01 0.000000e+00 2.118610e-01 -1.558630e-01 -2.299390e-01 6.499520e-02 1.489350e-01 -1.871150e-01 -2.924930e-02 5.884360e-02 
-2.296500e-01 7.533090e-01 -7.621140e-01 -1.353010e+00 6.637090e-01 2.580460e-01 3.793380e+00 3.280850e+00 -5.475800e-01 -6.981390e-02 1.165320e+00 3.366210e-01 -1.902640e-01 5.177570e-01 2.154370e-01 6.862170e-01 6.305150e+01 5.377590e+00 -5.843010e-01 -1.420250e-01 -3.435070e-01 2.037700e-01 2.038550e-01 2.118610e-01 0.000000e+00 8.159050e+00 6.658220e+01 1.467870e+00 -1.975220e+00 6.422410e+00 1.467640e+02 -1.265940e+00 
1.891490e-01 -7.369790e-01 8.337230e-01 5.664450e+00 -5.780960e-01 -2.242130e-01 -1.238850e+00 2.343360e+00 6.157190e-01 4.493450e-01 2.980490e+00 5.530520e+00 6.074470e+01 -4.759050e-01 -2.094950e-01 -5.051550e-01 -4.781120e-02 -9.955180e-02 5.911800e-01 9.691470e-02 7.828950e-01 6.146540e-02 -2.078980e-01 -1.558630e-01 8.159050e+00 0.000000e+00 -1.939910e+00 6.617620e+00 6.628020e+01 1.175730e+00 -1.240450e+00 1.491340e+02 
1.268050e-01 -8.086610e-01 9.322160e-01 1.395700e+00 -5.671650e-01 -3.019630e-01 -4.045010e-01 -1.863190e+00 6.521780e-01 5.666770e-01 4.930640e+00 4.227030e-01 8.118110e+00 -4.799790e-01 -2.239190e-01 -4.975120e-01 -1.130460e+00 -3.174720e-01 6.410930e-01 8.642240e-02 7.035860e-01 1.677650e-01 -2.217550e-01 -2.299390e-01 6.658220e+01 -1.939910e+00 0.000000e+00 1.506080e+02 5.813920e+01 1.739270e+00 -3.084170e-02 7.707850e+00 
-2.239320e-01 2.913770e-01 -3.029730e-01 -5.425390e-01 2.241520e-01 1.479310e-01 6.495620e-01 5.668540e-01 -2.125130e-01 -1.080300e-01 2.760150e-01 -4.422680e-01 -1.121410e+00 1.526170e-01 8.840540e-02 1.641800e-01 7.237130e+00 2.028140e-01 -1.988940e-01 -1.372300e-01 -2.075540e-01 -2.195050e-02 5.946680e-02 6.499520e-02 1.467870e+00 6.617620e+00 1.506080e+02 0.000000e+00 1.576120e+00 6.130320e+00 7.845040e+00 6.847840e-01 
-2.207130e-01 6.998480e-01 -6.393060e-01 -3.451830e-01 5.535940e-01 2.379920e-01 9.799040e-01 5.630530e+00 -5.324930e-01 -4.501260e-01 -1.409510e+00 -2.910340e-01 -1.340820e+00 4.671970e-01 1.597360e-01 5.174890e-01 7.341690e+00 7.051330e-01 -5.250280e-01 -1.418670e-01 -5.313960e-01 -1.405310e-01 1.540930e-01 1.489350e-01 -1.975220e+00 6.628020e+01 5.813920e+01 1.576120e+00 0.000000e+00 1.505960e+02 7.498170e+00 6.113740e-01 
6.564950e-03 -1.227810e-01 1.281460e-01 5.076310e-01 -1.851390e-01 -1.686200e-01 -3.600210e-01 3.880430e-02 1.038310e-01 1.526640e-01 4.198800e-01 1.951300e-01 7.144690e+00 -1.575750e-01 -1.511920e-01 -1.787560e-01 -1.147350e+00 -1.927280e-01 1.073910e-01 1.686640e-02 1.105260e-01 -3.428710e-02 -1.567950e-01 -1.871150e-01 6.422410e+00 1.175730e+00 1.739270e+00 6.130320e+00 1.505960e+02 0.000000e+00 5.216500e-01 7.396960e+00 
-2.971290e-02 -2.049750e-01 1.085780e-01 2.433410e-01 -2.038900e-01 -2.258900e-01 -4.328540e-01 6.761970e-01 9.178670e-02 1.482880e-01 3.245850e+00 6.552150e-01 5.582380e+00 -1.652910e-01 -1.709480e-01 -1.355540e-01 1.631630e+00 1.918270e-01 1.123760e-01 -1.013510e-02 1.786320e-01 7.991650e-02 -1.357510e-01 -2.924930e-02 1.467640e+02 -1.240450e+00 -3.084170e-02 7.845040e+00 7.498170e+00 5.216500e-01 0.000000e+00 5.760990e-01 
-7.251740e-02 3.125190e-01 -3.035570e-01 -2.778390e-01 1.945630e-01 8.697500e-02 3.186250e-01 5.432270e+00 -2.142700e-01 -1.890720e-01 4.180460e-01 -2.141360e-01 2.211050e+00 1.375860e-01 4.207670e-02 1.535630e-01 5.440510e+00 4.440890e-01 -2.059080e-01 -1.415630e-01 -1.577590e-01 -2.304840e-01 4.416950e-02 5.884360e-02 -1.265940e+00 1.491340e+02 7.707850e+00 6.847840e-01 6.113740e-01 7.396960e+00 5.760990e-01 0.000000e+00 
