0.000000e+00 1.498180e+02 5.750370e-01 2.520760e+00 7.700080e+00 7.736740e+00 4.995300e+00 5.213870e+00 5.080810e-02 -1.028520e+00 4.843930e-01 -9.109180e-02 5.765950e-01 2.010340e-01 3.906010e-01 2.205990e-01 -4.641180e-01 -1.209680e-01 2.059540e-01 -1.506200e-01 4.145460e-01 -3.589630e-01 -1.934250e-01 -6.174500e-02 5.936080e-02 -8.501680e-03 -7.605920e-02 3.661590e-02 1.967230e-02 -1.063830e-01 -6.951120e-02 -3.197410e-02 -5.703230e-02 -5.695130e-02 -2.664840e-02 1.078230e-01 
1.498180e+02 0.000000e+00 6.886250e+01 5.886250e+01 -1.103900e+00 7.244650e-01 3.436010e-01 2.940900e+00 5.620240e+00 5.724520e+00 2.940600e+00 5.096520e+00 -2.046830e-01 -1.953340e-01 -1.220460e+00 -1.262840e+00 1.255000e+00 4.155010e-01 -4.631140e-01 4.421530e-01 8.513290e-02 1.943580e-01 6.143520e-02 4.910360e-01 -3.295510e-01 -8.168370e-02 2.058260e-01 -2.130930e-01 -2.315000e-01 8.085090e-02 1.844840e-01 -7.367910e-02 -8.293800e-02 7.899880e-02 5.386580e+00 1.957910e-02 
5.750370e-01 6.886250e+01 0.000000e+00 -1.193980e+00 5.769760e+01 1.500940e+02 5.556790e+00 5.209340e+00 2.709920e+00 3.065240e-01 -1.139160e+00 -1.612520e-01 5.022380e+00 5.663760e+00 2.862730e+00 1.024590e+00 -1.381790e+00 4.958860e-02 5.151650e-01 -4.289470e-01 3.475670e-01 8.419180e-01 -1.738740e-01 -3.679360e-01 3.432640e-01 7.497490e-02 -2.295120e-01 2.786570e-01 2.649270e-01 -1.090440e-01 -2.102030e-01 2.359990e-02 2.171390e-02 -1.005650e-01 -8.882430e-02 4.202390e-01 
2.520760e+00 5.886250e+01 -1.193980e+00 0.000000e+00 6.607150e+00 7.535110e+00 5.979580e+01 5.958350e+01 -1.200600e+00 2.248930e-01 -2.375860e-02 -1.342020e+00 9.212580e-01 3.071550e-01 3.543690e+00 6.610070e+00 -3.129150e-01 -4.115230e-01 5.569230e-01 -1.070100e+00 3.396810e+00 -4.534380e-01 -3.883270e-01 -3.355240e-01 6.708200e-01 5.985140e-01 -4.180100e-01 5.856820e-01 4.544760e-01 -1.905760e-01 -3.547730e-01 9.063690e-02 9.836770e-02 -1.205840e-01 2.166340e+00 7.311530e+00 
7.700080e+00 -1.103900e+00 5.769760e+01 6.607150e+00 0.000000e+00 2.565530e+00 5.990450e-01 -1.078660e+00 6.202300e+01 5.753640e+01 3.450820e+00 8.145510e-01 -1.403930e+00 2.045150e+00 -4.314170e-01 -9.566750e-02 8.337170e+00 6.897250e+00 -1.158460e+00 4.404620e-01 -5.282740e-01 5.841660e+00 1.831890e-01 2.562180e-01 -2.547060e-01 -1.638100e-01 1.430330e-01 -1.374040e-01 -1.583130e-01 5.541720e-02 1.369640e-01 -6.649300e-02 -6.718080e-02 4.468600e-02 2.141510e-01 -3.617650e-01 
7.736740e+00 7.244650e-01 1.500940e+02 7.535110e+00 2.565530e+00 0.000000e+00 -1.151800e+00 2.122350e-02 5.015320e+00 4.899820e+00 4.627070e-01 4.972810e-01 -1.369120e-01 -8.835370e-02 4.313290e-01 -4.390290e-01 2.521620e-01 7.376880e-02 -3.604720e-01 1.830590e-01 -2.145250e-01 5.704160e-01 -3.132210e-02 1.045940e-01 -1.718400e-01 -1.795270e-01 7.934040e-02 -1.142700e-01 -1.199900e-01 1.084620e-02 7.091040e-02 -1.032670e-01 -1.138580e-01 -1.259220e-02 1.358990e-01 -1.133530e-01 
4.995300e+00 3.436010e-01 5.556790e+00 5.979580e+01 5.990450e-01 -1.151800e+00 0.000000e+00 2.893430e-01 2.863580e+00 6.122960e+01 6.268210e+01 6.231520e+00 -1.240870e+00 5.602100e-01 1.195600e+00 3.502940e-01 4.325010e+00 4.654310e-01 3.180440e-01 2.952600e+00 1.357040e+00 3.035780e+00 2.899360e+00 4.543860e+00 -9.673460e-01 2.380390e-01 4.784270e-01 -4.654230e-02 -4.644510e-01 1.707680e-01 6.014670e-01 -6.736060e-02 -1.802940e-01 1.361400e-01 5.332190e+00 -1.147010e+00 
5.213870e+00 2.940900e+00 5.209340e+00 5.958350e+01 -1.078660e+00 2.122350e-02 2.893430e-01 0.000000e+00 5.405910e-01 3.033090e+00 6.501710e+00 6.758120e+01 -5.111430e-01 -1.768590e-01 -4.014130e-02 -9.644370e-01 6.089510e-01 1.719810e-01 -7.236320e-02 4.599630e+00 -1.216460e+00 1.192210e-01 1.735260e-01 1.247980e+00 -2.479040e-01 -4.791040e-01 6.131460e-01 -1.757480e-01 -4.006630e-01 1.068690e-01 4.682290e-01 -1.420380e-01 -9.717670e-02 1.655200e-01 1.496900e+02 7.789050e-04 
5.080810e-02 5.620240e+00 2.709920e+00 -1.200600e+00 6.202300e+01 5.015320e+00 2.863580e+00 5.405910e-01 0.000000e+00 4.608360e-02 1.092430e-02 -5.235580e-01 6.457270e+01 1.491090e+02 8.289660e+00 5.779970e-01 -1.707650e+00 1.375310e+00 6.825410e+00 -1.337220e-01 2.386030e-01 -1.186190e+00 -1.203190e-01 -1.757320e-01 1.329590e-01 4.910470e-02 -8.544350e-02 8.701750e-02 8.102240e-02 -5.626700e-02 -8.044330e-02 8.490530e-03 4.245130e-03 -4.931380e-02 -1.709550e-01 1.691970e-01 
-1.028520e+00 5.724520e+00 3.065240e-01 2.248930e-01 5.753640e+01 4.899820e+00 6.122960e+01 3.033090e+00 4.608360e-02 0.000000e+00 2.078040e+00 -1.101680e+00 7.563590e+00 5.579470e+00 6.098450e+01 3.614730e+00 -1.186280e+00 -1.220080e+00 7.336180e+00 5.946560e-02 1.761380e+00 1.413910e+00 -1.793830e-01 -3.882390e-01 2.839610e-01 1.694940e-01 -1.758290e-01 2.722380e-01 1.694170e-01 -1.025070e-01 -1.312800e-01 6.385090e-02 4.251100e-02 -9.859040e-02 5.557840e-01 4.361410e-01 
4.843930e-01 2.940600e+00 -1.139160e+00 -2.375860e-02 3.450820e+00 4.627070e-01 6.268210e+01 6.501710e+00 1.092430e-02 2.078040e+00 0.000000e+00 -4.406760e-02 4.253110e-01 4.718410e-01 1.572280e+00 6.084600e+01 -4.767100e-01 -2.441710e-01 1.317680e-01 5.747020e-01 5.752080e+01 -2.353720e-01 1.862920e+00 -1.048800e+00 6.172130e+00 7.712690e+00 -1.235620e+00 3.571000e+00 9.638870e-01 -3.729010e-01 -3.255140e-01 6.137430e-01 2.800720e-01 -4.170780e-01 -1.120550e+00 5.352670e+00 
-9.109180e-02 5.096520e+00 -1.612520e-01 -1.342020e+00 8.145510e-01 4.972810e-01 6.231520e+00 6.758120e+01 -5.235580e-01 -1.101680e+00 -4.406760e-02 0.000000e+00 5.806620e-01 9.619660e-02 5.157970e-01 6.095410e+01 -4.486480e-01 -2.175070e-01 7.732480e-02 1.535560e+00 3.178620e+00 -2.431020e-01 7.100110e-01 -1.211720e+00 3.154590e+00 4.263970e-01 -9.962830e-03 5.419800e+00 6.207600e-01 -1.695120e-01 -1.259370e-01 1.188200e-01 3.658410e-01 2.522350e-01 1.093170e+00 1.477020e+02 
5.765950e-01 -2.046830e-01 5.022380e+00 9.212580e-01 -1.403930e+00 -1.369120e-01 -1.240870e+00 -5.111430e-01 6.457270e+01 7.563590e+00 4.253110e-01 5.806620e-01 0.000000e+00 6.939330e-01 -2.016500e+00 -4.189830e-01 5.868770e+01 1.509320e+02 1.476660e+00 1.545250e-01 -1.296870e-01 7.547170e+00 7.360350e-02 2.042920e-01 -1.487460e-01 -1.043020e-01 7.842690e-02 -9.699200e-02 -9.188380e-02 1.694190e-02 7.418090e-02 -4.706560e-02 -4.203960e-02 1.234630e-03 8.483770e-02 -2.291560e-01 
2.010340e-01 -1.953340e-01 5.663760e+00 3.071550e-01 2.045150e+00 -8.835370e-02 5.602100e-01 -1.768590e-01 1.491090e+02 5.579470e+00 4.718410e-01 9.619660e-02 6.939330e-01 0.000000e+00 -1.145430e+00 -1.090170e-01 7.529060e+00 7.161310e+00 7.864420e-01 6.184090e-02 -1.893170e-01 4.888980e-01 -5.599260e-02 2.506220e-02 -8.188200e-02 -1.232160e-01 1.228020e-02 -4.685360e-02 -5.246980e-02 -4.288540e-02 1.030690e-02 -7.450300e-02 -7.520940e-02 -4.703020e-02 -2.111020e-02 -1.818110e-01 
3.906010e-01 -1.220460e+00 2.862730e+00 3.543690e+00 -4.314170e-01 4.313290e-01 1.195600e+00 -4.014130e-02 8.289660e+00 6.098450e+01 1.572280e+00 5.157970e-01 -2.016500e+00 -1.145430e+00 0.000000e+00 -6.348840e-01 6.473370e+01 6.360650e+00 1.968650e+00 2.209200e-01 1.998610e+00 1.504100e+02 1.553500e+00 3.145840e-01 -9.874030e-02 -8.159870e-02 1.289940e-01 -1.465360e-01 -1.209490e-01 4.521910e-02 1.046780e-01 -8.602560e-02 -5.691880e-02 3.256300e-02 4.348220e-01 -2.508860e-01 
2.205990e-01 -1.262840e+00 1.024590e+00 6.610070e+00 -9.566750e-02 -4.390290e-01 3.502940e-01 -9.644370e-01 5.779970e-01 3.614730e+00 6.084600e+01 6.095410e+01 -4.189830e-01 -1.090170e-01 -6.348840e-01 0.000000e+00 3.553030e-01 1.411340e-01 -1.676830e-01 6.123630e+01 -1.093170e-01 2.583590e-01 5.288450e+00 6.147600e+00 2.291520e-01 -1.180970e+00 2.704410e+00 1.531950e+00 -1.228630e+00 4.314270e-01 4.534940e+00 3.665240e-01 4.960840e-01 3.231180e+00 7.507680e+00 1.711900e+00 
-4.641180e-01 1.255000e+00 -1.381790e+00 -3.129150e-01 8.337170e+00 2.521620e-01 4.325010e+00 6.089510e-01 -1.707650e+00 -1.186280e+00 -4.767100e-01 -4.486480e-01 5.868770e+01 7.529060e+00 6.473370e+01 3.553030e-01 0.000000e+00 1.674670e+00 1.506530e+02 -1.576340e-01 3.283580e-01 2.282240e-01 2.000570e-01 -1.379340e-01 1.483410e-01 6.959820e-02 -7.692370e-02 8.058790e-02 7.589520e-02 -4.924880e-02 -7.546940e-02 6.651580e-03 1.522590e-02 -4.151160e-02 -9.403880e-02 1.464570e-01 
-1.209680e-01 4.155010e-01 4.958860e-02 -4.115230e-01 6.897250e+00 7.376880e-02 4.654310e-01 1.719810e-01 1.375310e+00 -1.220080e+00 -2.441710e-01 -2.175070e-01 1.509320e+02 7.161310e+00 6.360650e+00 1.411340e-01 1.674670e+00 0.000000e+00 6.221470e+00 -9.137820e-02 1.221660e-01 5.656680e-01 -8.192000e-02 -8.182070e-02 3.886240e-02 -1.246130e-02 -4.281660e-02 1.403500e-02 9.154010e-03 -7.309680e-02 -4.614030e-02 -4.552600e-02 -3.375300e-02 -8.171310e-02 -1.807250e-01 6.410240e-02 
2.059540e-01 -4.631140e-01 5.151650e-01 5.569230e-01 -1.158460e+00 -3.604720e-01 3.180440e-01 -7.236320e-02 6.825410e+00 7.336180e+00 1.317680e-01 7.732480e-02 1.476660e+00 7.864420e-01 1.968650e+00 -1.676830e-01 1.506530e+02 6.221470e+00 0.000000e+00 5.136950e-02 -5.773420e-02 7.915360e+00 1.128700e-01 5.220700e-02 -7.161760e-02 -4.093910e-02 2.604390e-02 -4.603970e-02 -4.510050e-02 -2.300230e-02 1.104000e-02 -7.221490e-02 -2.624400e-02 -3.822600e-02 -8.852520e-03 -1.826760e-01 
-1.506200e-01 4.421530e-01 -4.289470e-01 -1.070100e+00 4.404620e-01 1.830590e-01 2.952600e+00 4.599630e+00 -1.337220e-01 5.946560e-02 5.747020e-01 1.535560e+00 1.545250e-01 6.184090e-02 2.209200e-01 6.123630e+01 -1.576340e-01 -9.137820e-02 5.136950e-02 0.000000e+00 6.107110e+00 -9.754690e-02 -9.927510e-01 5.360410e-01 5.763610e+01 5.153300e+00 -2.390510e-02 6.365480e+01 7.489050e+00 -1.183920e+00 -9.332110e-01 7.125350e+00 5.530610e+00 1.201860e+00 3.626550e-01 3.248160e+00 
4.145460e-01 8.513290e-02 3.475670e-01 3.396810e+00 -5.282740e-01 -2.145250e-01 1.357040e+00 -1.216460e+00 2.386030e-01 1.761380e+00 5.752080e+01 3.178620e+00 -1.296870e-01 -1.893170e-01 1.998610e+00 -1.093170e-01 3.283580e-01 1.221660e-01 -5.773420e-02 6.107110e+00 0.000000e+00 1.502710e+00 1.511720e+02 6.861180e+01 -1.333950e+00 1.303410e+00 5.474190e+00 -1.227530e+00 -2.935070e-01 4.050290e-01 1.321690e+00 -4.764290e-01 -2.090710e-01 1.682020e-01 4.401570e-01 5.932960e-01 
-3.589630e-01 1.943580e-01 8.419180e-01 -4.534380e-01 5.841660e+00 5.704160e-01 3.035780e+00 1.192210e-01 -1.186190e+00 1.413910e+00 -2.353720e-01 -2.431020e-01 7.547170e+00 4.888980e-01 1.504100e+02 2.583590e-01 2.282240e-01 5.656680e-01 7.915360e+00 -9.754690e-02 1.502710e+00 0.000000e+00 2.226110e-02 1.837720e-01 1.061260e-01 1.405990e-01 -2.220100e-02 3.031780e-02 1.106270e-02 -6.577050e-02 -5.292900e-02 -4.080940e-02 3.031300e-02 -5.721430e-02 -2.181430e-01 4.812010e-03 
-1.934250e-01 6.143520e-02 -1.738740e-01 -3.883270e-01 1.831890e-01 -3.132210e-02 2.899360e+00 1.735260e-01 -1.203190e-01 -1.793830e-01 1.862920e+00 7.100110e-01 7.360350e-02 -5.599260e-02 1.553500e+00 5.288450e+00 2.000570e-01 -8.192000e-02 1.128700e-01 -9.927510e-01 1.511720e+02 2.226110e-02 0.000000e+00 -1.492460e-01 7.626100e+00 8.593170e+00 1.282810e-02 3.631220e-01 5.661280e-01 -1.226020e-01 -4.733690e-01 2.182300e-01 2.271700e-01 -3.537720e-01 -3.535810e-01 5.818990e-01 
-6.174500e-02 4.910360e-01 -3.679360e-01 -3.355240e-01 2.562180e-01 1.045940e-01 4.543860e+00 1.247980e+00 -1.757320e-01 -3.882390e-01 -1.048800e+00 -1.211720e+00 2.042920e-01 2.506220e-02 3.145840e-01 6.147600e+00 -1.379340e-01 -8.182070e-02 5.220700e-02 5.360410e-01 6.861180e+01 1.837720e-01 -1.492460e-01 0.000000e+00 5.801650e+01 1.496740e+02 2.636740e+00 3.069960e+00 5.016550e+00 1.034870e-01 -1.423800e+00 5.146160e-01 5.392560e+00 7.554080e-01 -4.727520e-01 1.268710e-01 
5.936080e-02 -3.295510e-01 3.432640e-01 6.708200e-01 -2.547060e-01 -1.718400e-01 -9.673460e-01 -2.479040e-01 1.329590e-01 2.839610e-01 6.172130e+00 3.154590e+00 -1.487460e-01 -8.188200e-02 -9.874030e-02 2.291520e-01 1.483410e-01 3.886240e-02 -7.161760e-02 5.763610e+01 -1.333950e+00 1.061260e-01 7.626100e+00 5.801650e+01 0.000000e+00 2.341270e+00 6.201150e+01 -2.157930e-01 -1.268810e+00 6.997670e+00 8.228710e+00 -1.078320e+00 2.051150e+00 5.533660e+00 5.828660e-01 -3.161400e-01 
-8.501680e-03 -8.168370e-02 7.497490e-02 5.985140e-01 -1.638100e-01 -1.795270e-01 2.380390e-01 -4.791040e-01 4.910470e-02 1.694940e-01 7.712690e+00 4.263970e-01 -1.043020e-01 -1.232160e-01 -8.159870e-02 -1.180970e+00 6.959820e-02 -1.246130e-02 -4.093910e-02 5.153300e+00 1.303410e+00 1.405990e-01 8.593170e+00 1.496740e+02 2.341270e+00 0.000000e+00 4.869530e+00 5.881980e-01 -1.901250e-01 7.484030e-02 2.443500e-01 -3.715890e-01 -1.016260e-01 5.520650e-01 2.431290e-01 -3.664320e-01 
-7.605920e-02 2.058260e-01 -2.295120e-01 -4.180100e-01 1.430330e-01 7.934040e-02 4.784270e-01 6.131460e-01 -8.544350e-02 -1.758290e-01 -1.235620e+00 -9.962830e-03 7.842690e-02 1.228020e-02 1.289940e-01 2.704410e+00 -7.692370e-02 -4.281660e-02 2.604390e-02 -2.390510e-02 5.474190e+00 -2.220100e-02 1.282810e-02 2.636740e+00 6.201150e+01 4.869530e+00 0.000000e+00 8.110310e+00 6.505470e+01 1.299110e+00 -1.739640e+00 6.709090e+00 1.489100e+02 -1.165300e+00 -9.541450e-02 6.813200e-02 
3.661590e-02 -2.130930e-01 2.786570e-01 5.856820e-01 -1.374040e-01 -1.142700e-01 -4.654230e-02 -1.757480e-01 8.701750e-02 2.722380e-01 3.571000e+00 5.419800e+00 -9.699200e-02 -4.685360e-02 -1.465360e-01 1.531950e+00 8.058790e-02 1.403500e-02 -4.603970e-02 6.365480e+01 -1.227530e+00 3.031780e-02 3.631220e-01 3.069960e+00 -2.157930e-01 5.881980e-01 8.110310e+00 0.000000e+00 -1.909580e+00 6.510820e+00 6.571180e+01 1.658320e+00 -1.190100e+00 1.466330e+02 1.324120e-01 2.544340e-01 
1.967230e-02 -2.315000e-01 2.649270e-01 4.544760e-01 -1.583130e-01 -1.199900e-01 -4.644510e-01 -4.006630e-01 8.102240e-02 1.694170e-01 9.638870e-01 6.207600e-01 -9.188380e-02 -5.246980e-02 -1.209490e-01 -1.228630e+00 7.589520e-02 9.154010e-03 -4.510050e-02 7.489050e+00 -2.935070e-01 1.106270e-02 5.661280e-01 5.016550e+00 -1.268810e+00 -1.901250e-01 6.505470e+01 -1.909580e+00 0.000000e+00 1.506570e+02 5.880110e+01 1.520000e+00 7.782630e-01 7.333820e+00 8.808500e-02 -1.311990e-01 
-1.063830e-01 8.085090e-02 -1.090440e-01 -1.905760e-01 5.541720e-02 1.084620e-02 1.707680e-01 1.068690e-01 -5.626700e-02 -1.025070e-01 -3.729010e-01 -1.695120e-01 1.694190e-02 -4.288540e-02 4.521910e-02 4.314270e-01 -4.924880e-02 -7.309680e-02 -2.300230e-02 -1.183920e+00 4.050290e-01 -6.577050e-02 -1.226020e-01 1.034870e-01 6.997670e+00 7.484030e-02 1.299110e+00 6.510820e+00 1.506570e+02 0.000000e+00 1.693600e+00 6.232710e+00 7.168480e+00 5.277290e-01 -1.690630e-01 -3.670530e-02 
-6.951120e-02 1.844840e-01 -2.102030e-01 -3.547730e-01 1.369640e-01 7.091040e-02 6.014670e-01 4.682290e-01 -8.044330e-02 -1.312800e-01 -3.255140e-01 -1.259370e-01 7.418090e-02 1.030690e-02 1.046780e-01 4.534940e+00 -7.546940e-02 -4.614030e-02 1.104000e-02 -9.332110e-01 1.321690e+00 -5.292900e-02 -4.733690e-01 -1.423800e+00 8.228710e+00 2.443500e-01 -1.739640e+00 6.571180e+01 5.880110e+01 1.693600e+00 0.000000e+00 1.504250e+02 7.510740e+00 9.119580e-02 -1.586560e-01 1.498490e-01 
-3.197410e-02 -7.367910e-02 2.359990e-02 9.063690e-02 -6.649300e-02 -1.032670e-01 -6.736060e-02 -1.420380e-01 8.490530e-03 6.385090e-02 6.137430e-01 1.188200e-01 -4.706560e-02 -7.450300e-02 -8.602560e-02 3.665240e-01 6.651580e-03 -4.552600e-02 -7.221490e-02 7.125350e+00 -4.764290e-01 -4.080940e-02 2.182300e-01 5.146160e-01 -1.078320e+00 -3.715890e-01 6.709090e+00 1.658320e+00 1.520000e+00 6.232710e+00 1.504250e+02 0.000000e+00 7.290100e-01 7.709090e+00 2.019010e-02 7.723180e-03 
-5.703230e-02 -8.293800e-02 2.171390e-02 9.836770e-02 -6.718080e-02 -1.138580e-01 -1.802940e-01 -9.717670e-02 4.245130e-03 4.251100e-02 2.800720e-01 3.658410e-01 -4.203960e-02 -7.520940e-02 -5.691880e-02 4.960840e-01 1.522590e-02 -3.375300e-02 -2.624400e-02 5.530610e+00 -2.090710e-01 3.031300e-02 2.271700e-01 5.392560e+00 2.051150e+00 -1.016260e-01 1.489100e+02 -1.190100e+00 7.782630e-01 7.168480e+00 7.510740e+00 7.290100e-01 0.000000e+00 5.027450e-01 1.747480e-02 -2.142680e-01 
-5.695130e-02 7.899880e-02 -1.005650e-01 -1.205840e-01 4.468600e-02 -1.259220e-02 1.361400e-01 1.655200e-01 -4.931380e-02 -9.859040e-02 -4.170780e-01 2.522350e-01 1.234630e-03 -4.703020e-02 3.256300e-02 3.231180e+00 -4.151160e-02 -8.171310e-02 -3.822600e-02 1.201860e+00 1.682020e-01 -5.721430e-02 -3.537720e-01 7.554080e-01 5.533660e+00 5.520650e-01 -1.165300e+00 1.466330e+02 7.333820e+00 5.277290e-01 9.119580e-02 7.709090e+00 5.027450e-01 0.000000e+00 7.259610e-03 4.416470e-02 
-2.664840e-02 5.386580e+00 -8.882430e-02 2.166340e+00 2.141510e-01 1.358990e-01 5.332190e+00 1.496900e+02 -1.709550e-01 5.557840e-01 -1.120550e+00 1.093170e+00 8.483770e-02 -2.111020e-02 4.348220e-01 7.507680e+00 -9.403880e-02 -1.807250e-01 -8.852520e-03 3.626550e-01 4.401570e-01 -2.181430e-01 -3.535810e-01 -4.727520e-01 5.828660e-01 2.431290e-01 -9.541450e-02 1.324120e-01 8.808500e-02 -1.690630e-01 -1.586560e-01 2.019010e-02 1.747480e-02 7.259610e-03 0.000000e+00 7.956640e+00 
1.078230e-01 1.957910e-02 4.202390e-01 7.311530e+00 -3.617650e-01 -1.133530e-01 -1.147010e+00 7.789050e-04 1.691970e-01 4.361410e-01 5.352670e+00 1.477020e+02 -2.291560e-01 -1.818110e-01 -2.508860e-01 1.711900e+00 1.464570e-01 6.410240e-02 -1.826760e-01 3.248160e+00 5.932960e-01 4.812010e-03 5.818990e-01 1.268710e-01 -3.161400e-01 -3.664320e-01 6.813200e-02 2.544340e-01 -1.311990e-01 -3.670530e-02 1.498490e-01 7.723180e-03 -2.142680e-01 4.416470e-02 7.956640e+00 0.000000e+00 
