0.000000e+00 1.224660e+02 -1.107420e+01 -1.210980e+01 -5.698470e+00 1.194310e+01 4.650870e+00 -1.956610e+00 -6.375630e-01 
1.224660e+02 0.000000e+00 1.224660e+02 1.170510e+02 3.941720e+01 -2.275880e+00 -2.275880e+00 -9.670730e+00 9.750590e+00 
-1.107420e+01 1.224660e+02 0.000000e+00 -1.210980e+01 -5.698470e+00 4.650870e+00 1.194310e+01 -1.956600e+00 -6.375650e-01 
-1.210980e+01 1.170510e+02 -1.210980e+01 0.000000e+00 1.100840e+00 1.825870e+00 1.825870e+00 -1.284500e+01 2.771270e+00 
-5.698470e+00 3.941720e+01 -5.698470e+00 1.100840e+00 0.000000e+00 1.314730e+02 1.314730e+02 1.849760e+01 -2.448990e+00 
1.194310e+01 -2.275880e+00 4.650870e+00 1.825870e+00 1.314730e+02 0.000000e+00 -6.613390e+00 -2.254250e+00 1.106940e+00 
4.650870e+00 -2.275880e+00 1.194310e+01 1.825870e+00 1.314730e+02 -6.613390e+00 0.000000e+00 -2.254240e+00 1.106940e+00 
-1.956610e+00 -9.670730e+00 -1.956600e+00 -1.284500e+01 1.849760e+01 -2.254250e+00 -2.254240e+00 0.000000e+00 -6.190810e+01 
-6.375630e-01 9.750590e+00 -6.375650e-01 2.771270e+00 -2.448990e+00 1.106940e+00 1.106940e+00 -6.190810e+01 0.000000e+00 
